999 0.0522141757832
1999 0.0332972766347
2999 0.017823428633
3999 0.00949031060964
4999 0.0100696919052
5999 0.00641661395359
6999 0.00643694739327
7999 0.00420064624987
8999 0.00548622823039
9999 0.00679474759141
10999 0.00738721820964
11999 0.00609078518582
12999 0.00758003877543
13999 0.00609946527295
14999 0.00521885897787
15999 0.00481936236746
16999 0.00715219013021
17999 0.00671387418628
18999 0.00628111115569
19999 0.00776403896607
20999 0.00952622514911
21999 0.0124021178221
22999 0.01317873083
23999 0.0109054577582
24999 0.00957002676171
25999 0.0113334339837
26999 0.0111936864106
27999 0.0107723813477
28999 0.00909288628577
29999 0.00759647831343
30999 0.00785335260266
31999 0.00661806280863
32999 0.00582699828953
33999 0.00432428874711
34999 0.00458391918524
35999 0.00413533968997
36999 0.00501820755293
37999 0.00490289004864
38999 0.00494970960878
39999 0.00537807452159
40999 0.005028657148
41999 0.00586372500862
42999 0.00492129942443
43999 0.004279054624
44999 0.00337056978518
45999 0.0042525427598
46999 0.00463700537379
47999 0.00507297198845
48999 0.00467551697092
49999 0.00417287390342
50999 0.00354240273971
51999 0.00309155449727
52999 0.00332916513467
53999 0.00307796480244
54999 0.0038270505034
55999 0.00398115383586
56999 0.00362950751237
57999 0.0033634500664
58999 0.00293268866685
59999 0.00238354430918
60999 0.00256017165927
61999 0.00265469828019
62999 0.00272467869711
63999 0.00253000986102
64999 0.0022594869339
65999 0.00192852381044
66999 0.0021076712166
67999 0.0017901471501
68999 0.00157686605338
69999 0.00140401489185
70999 0.00172166972435
71999 0.00186138937595
72999 0.00198685453936
73999 0.00165305908196
74999 0.00154034369658
75999 0.00138060241868
76999 0.00175725093217
77999 0.00145582323217
78999 0.00135356555341
79999 0.00128610142309
80999 0.00115301571189
81999 0.00123577877156
82999 0.00138819694833
83999 0.00134102795267
84999 0.00111933336226
85999 0.00098287380127
86999 0.000811160929064
87999 0.000831851323686
88999 0.000814360412481
89999 0.000659941891035
90999 0.000637026578208
91999 0.000637151737813
92999 0.000733217867582
93999 0.000719174639079
94999 0.000651010278125
95999 0.00051340489344
96999 0.000499038400117
97999 0.000534053074092
98999 0.000495974098576
99999 0.000456444618642
