1 (1.0,) -3.69262477442
2 (1.1,) -3.69341010497
3 (1.2,) -3.69426975739
4 (-10.0,) -4.02359478106
5 (-15.0,) -4.35831010803
6 (-20.0,) -4.72860022494
7 (0.01,) -3.68887982913
8 (0.1,) -3.68891695366
9 (0.05,) -3.6888888291
10 (0.0,) -3.68887945413
11 (1.0, 1.1) -6.99973974068
12 (1.0, 1.2) -7.00060302616
13 (1.0, -10.0) -7.62197487659
14 (1.0, -15.0) -8.17162700477
15 (1.0, -20.0) -8.74606672196
16 (1.0, 0.01) -6.99894319539
17 (1.0, 0.1) -6.99841088113
18 (1.0, 0.05) -6.99869333768
19 (1.0, 0.0) -6.9990089772
20 (1.1, 1.2) -7.00120046713
21 (1.1, -10.0) -7.62785430407
22 (1.1, -15.0) -8.17793866517
23 (1.1, -20.0) -8.75218772344
24 (1.1, 0.01) -7.00033146345
25 (1.1, 0.1) -6.99973974069
26 (1.1, 0.05) -7.00005521513
27 (1.1, 0.0) -7.00040383951
28 (1.2, -10.0) -7.63381324993
29 (1.2, -15.0) -8.18430393403
30 (1.2, -20.0) -8.75834518502
31 (1.2, 0.01) -7.00185147457
32 (1.2, 0.1) -7.00120046713
33 (1.2, 0.05) -7.00154889196
34 (1.2, 0.0) -7.00193043048
35 (-10.0, -15.0) -7.91141805548
36 (-10.0, -20.0) -8.37864775782
37 (-10.0, 0.01) -7.56821797899
38 (-10.0, 0.1) -7.57276117669
39 (-10.0, 0.05) -7.57022846476
40 (-10.0, 0.0) -7.5677175416
41 (-15.0, -20.0) -8.46029174696
42 (-15.0, 0.01) -8.11215670032
43 (-15.0, 0.1) -8.11732909683
44 (-15.0, 0.05) -8.11444958671
45 (-15.0, 0.0) -8.11158497252
46 (-20.0, 0.01) -8.68752075006
47 (-20.0, 0.1) -8.6926837998
48 (-20.0, 0.05) -8.68981140883
49 (-20.0, 0.0) -8.68694911747
50 (0.01, 0.1) -6.99241406276
51 (0.01, 0.05) -6.99236739697
52 (0.01, 0.0) -6.99235406368
53 (0.1, 0.05) -6.99240339639
54 (0.1, 0.0) -6.99242006257
55 (0.05, 0.0) -6.99237006361
56 (1.0, 1.1, 1.2) -10.0846022495
57 (1.0, 1.1, -10.0) -10.9725264576
58 (1.0, 1.1, -15.0) -11.7142908525
59 (1.0, 1.1, -20.0) -12.4719131428
60 (1.0, 1.1, 0.01) -10.0867112631
61 (1.0, 1.1, 0.1) -10.0856285289
62 (1.0, 1.1, 0.05) -10.0862114544
63 (1.0, 1.1, 0.0) -10.0868408613
64 (1.0, 1.2, -10.0) -10.9779502662
65 (1.0, 1.2, -15.0) -11.7199411254
66 (1.0, 1.2, -20.0) -12.477282159
67 (1.0, 1.2, 0.01) -10.0882274838
68 (1.0, 1.2, 0.1) -10.0870894722
69 (1.0, 1.2, 0.05) -10.0877031246
70 (1.0, 1.2, 0.0) -10.0883632153
71 (1.0, -10.0, -15.0) -11.6907938688
72 (1.0, -10.0, -20.0) -12.3170798372
73 (1.0, -10.0, 0.01) -10.9213041744
74 (1.0, -10.0, 0.1) -10.9249741085
75 (1.0, -10.0, 0.05) -10.9229229569
76 (1.0, -10.0, 0.0) -10.9209028266
77 (1.0, -15.0, -20.0) -12.5422381869
78 (1.0, -15.0, 0.01) -11.6583174578
79 (1.0, -15.0, 0.1) -11.6625411006
80 (1.0, -15.0, 0.05) -11.6601851195
81 (1.0, -15.0, 0.0) -11.6578538351
82 (1.0, -20.0, 0.01) -12.4174089583
83 (1.0, -20.0, 0.1) -12.4216232677
84 (1.0, -20.0, 0.05) -12.4192767273
85 (1.0, -20.0, 0.0) -12.4169436319
86 (1.0, 0.01, 0.1) -10.08179587
87 (1.0, 0.01, 0.05) -10.0820403117
88 (1.0, 0.01, 0.0) -10.0823314325
89 (1.0, 0.1, 0.05) -10.0815442406
90 (1.0, 0.1, 0.0) -10.0818634444
91 (1.0, 0.05, 0.0) -10.0821047658
92 (1.1, 1.2, -10.0) -10.9831454222
93 (1.1, 1.2, -15.0) -11.7254172913
94 (1.1, 1.2, -20.0) -12.4825204877
95 (1.1, 1.2, 0.01) -10.0894323476
96 (1.1, 1.2, 0.1) -10.0882394469
97 (1.1, 1.2, 0.05) -10.0888833992
98 (1.1, 1.2, 0.0) -10.0895742225
99 (1.1, -10.0, -15.0) -11.6999883329
100 (1.1, -10.0, -20.0) -12.325509327
101 (1.1, -10.0, 0.01) -10.9271474926
102 (1.1, -10.0, 0.1) -10.9307684931
103 (1.1, -10.0, 0.05) -10.9287440579
104 (1.1, -10.0, 0.0) -10.9267515234
105 (1.1, -15.0, -20.0) -12.5511028142
106 (1.1, -15.0, 0.01) -11.6643247464
107 (1.1, -15.0, 0.1) -11.6685074869
108 (1.1, -15.0, 0.05) -11.6661746807
109 (1.1, -15.0, 0.0) -11.6638645247
110 (1.1, -20.0, 0.01) -12.4230620314
111 (1.1, -20.0, 0.1) -12.427250315
112 (1.1, -20.0, 0.05) -12.424915823
113 (1.1, -20.0, 0.0) -12.4226002001
114 (1.1, 0.01, 0.1) -10.0836885073
115 (1.1, 0.01, 0.05) -10.0839638786
116 (1.1, 0.01, 0.0) -10.0842858846
117 (1.1, 0.1, 0.05) -10.083412172
118 (1.1, 0.1, 0.0) -10.0837622538
119 (1.1, 0.05, 0.0) -10.0840345057
120 (1.2, -10.0, -15.0) -11.7092465539
121 (1.2, -10.0, -20.0) -12.3339863913
122 (1.2, -10.0, 0.01) -10.9331096505
123 (1.2, -10.0, 0.1) -10.9366819854
124 (1.2, -10.0, 0.05) -10.9346847015
125 (1.2, -10.0, 0.0) -10.9327190562
126 (1.2, -15.0, -20.0) -12.5600022101
127 (1.2, -15.0, 0.01) -11.6704155483
128 (1.2, -15.0, 0.1) -11.6745584982
129 (1.2, -15.0, 0.05) -11.6722478172
130 (1.2, -15.0, 0.0) -11.6699597459
131 (1.2, -20.0, 0.01) -12.4287808603
132 (1.2, -20.0, 0.1) -12.4329349888
133 (1.2, -20.0, 0.05) -12.4306206898
134 (1.2, -20.0, 0.0) -12.4283225036
135 (1.2, 0.01, 0.1) -10.0857662673
136 (1.2, 0.01, 0.05) -10.0860724976
137 (1.2, 0.01, 0.0) -10.0864253154
138 (1.2, 0.1, 0.05) -10.0854652857
139 (1.2, 0.1, 0.0) -10.0858461706
140 (1.2, 0.05, 0.0) -10.0861492825
141 (-10.0, -15.0, -20.0) -11.9204277897
142 (-10.0, -15.0, 0.01) -11.6033873613
143 (-10.0, -15.0, 0.1) -11.6110504624
144 (-10.0, -15.0, 0.05) -11.6067669432
145 (-10.0, -15.0, 0.0) -11.6025395385
146 (-10.0, -20.0, 0.01) -12.2363194157
147 (-10.0, -20.0, 0.1) -12.2434513262
148 (-10.0, -20.0, 0.05) -12.2394837835
149 (-10.0, -20.0, 0.0) -12.2355296712
150 (-10.0, 0.01, 0.1) -10.8742283179
151 (-10.0, 0.01, 0.05) -10.871910324
152 (-10.0, 0.01, 0.0) -10.8696242868
153 (-10.0, 0.1, 0.05) -10.8760403513
154 (-10.0, 0.1, 0.0) -10.873778507
155 (-10.0, 0.05, 0.0) -10.87145752
156 (-15.0, -20.0, 0.01) -12.4566416441
157 (-15.0, -20.0, 0.1) -12.4642536499
158 (-15.0, -20.0, 0.05) -12.4600204186
159 (-15.0, -20.0, 0.0) -12.4557980508
160 (-15.0, 0.01, 0.1) -11.6081730201
161 (-15.0, 0.01, 0.05) -11.6055987853
162 (-15.0, 0.01, 0.0) -11.6030472209
163 (-15.0, 0.1, 0.05) -11.6102001627
164 (-15.0, 0.1, 0.0) -11.6076686096
165 (-15.0, 0.05, 0.0) -11.6050920671
166 (-20.0, 0.01, 0.1) -12.369292397
167 (-20.0, 0.01, 0.05) -12.36676983
168 (-20.0, 0.01, 0.0) -12.3642634615
169 (-20.0, 0.1, 0.05) -12.3712861872
170 (-20.0, 0.1, 0.0) -12.3687955721
171 (-20.0, 0.05, 0.0) -12.3662712548
172 (0.01, 0.1, 0.05) -10.0731100928
173 (0.01, 0.1, 0.0) -10.0731210297
174 (0.01, 0.05, 0.0) -10.0730538437
175 (0.1, 0.05, 0.0) -10.07311853
176 (1.0, 1.1, 1.2, -10.0) -14.1603012717
177 (1.0, 1.1, 1.2, -15.0) -15.0866274312
178 (1.0, 1.1, 1.2, -20.0) -16.020808286
179 (1.0, 1.1, 1.2, 0.01) -13.0194697752
180 (1.0, 1.1, 1.2, 0.1) -13.0178181665
181 (1.0, 1.1, 1.2, 0.05) -13.018712007
182 (1.0, 1.1, 1.2, 0.0) -13.0196651435
183 (1.0, 1.1, -10.0, -15.0) -15.2400441913
184 (1.0, 1.1, -10.0, -20.0) -16.0133479413
185 (1.0, 1.1, -10.0, 0.01) -14.1098680914
186 (1.0, 1.1, -10.0, 0.1) -14.1128930784
187 (1.0, 1.1, -10.0, 0.05) -14.1111963486
188 (1.0, 1.1, -10.0, 0.0) -14.109540077
189 (1.0, 1.1, -15.0, -20.0) -16.3464446885
190 (1.0, 1.1, -15.0, 0.01) -15.0315906201
191 (1.0, 1.1, -15.0, 0.1) -15.0351849576
192 (1.0, 1.1, -15.0, 0.05) -15.0331764032
193 (1.0, 1.1, -15.0, 0.0) -15.0311970647
194 (1.0, 1.1, -20.0, 0.01) -15.9673672575
195 (1.0, 1.1, -20.0, 0.1) -15.9710014811
196 (1.0, 1.1, -20.0, 0.05) -15.9689740978
197 (1.0, 1.1, -20.0, 0.0) -15.9669676428
198 (1.0, 1.1, 0.01, 0.1) -13.0162573122
199 (1.0, 1.1, 0.01, 0.05) -13.0167969093
200 (1.0, 1.1, 0.01, 0.0) -13.0173960166
201 (1.0, 1.1, 0.1, 0.05) -13.015761155
202 (1.0, 1.1, 0.1, 0.0) -13.0163873013
203 (1.0, 1.1, 0.05, 0.0) -13.0169238943
204 (1.0, 1.2, -10.0, -15.0) -15.2481399044
205 (1.0, 1.2, -10.0, -20.0) -16.0207171296
206 (1.0, 1.2, -10.0, 0.01) -14.1154909325
207 (1.0, 1.2, -10.0, 0.1) -14.1184730927
208 (1.0, 1.2, -10.0, 0.05) -14.1168001759
209 (1.0, 1.2, -10.0, 0.0) -14.1151676664
210 (1.0, 1.2, -15.0, -20.0) -16.3540197913
211 (1.0, 1.2, -15.0, 0.01) -15.0372474431
212 (1.0, 1.2, -15.0, 0.1) -15.0408226963
213 (1.0, 1.2, -15.0, 0.05) -15.0388181852
214 (1.0, 1.2, -15.0, 0.0) -15.0368576695
215 (1.0, 1.2, -20.0, 0.01) -15.9726226967
216 (1.0, 1.2, -20.0, 0.1) -15.9762305591
217 (1.0, 1.2, -20.0, 0.05) -15.9742178287
218 (1.0, 1.2, -20.0, 0.0) -15.9722260072
219 (1.0, 1.2, 0.01, 0.1) -13.018337652
220 (1.0, 1.2, 0.01, 0.05) -13.0189066636
221 (1.0, 1.2, 0.01, 0.0) -13.0195351321
222 (1.0, 1.2, 0.1, 0.05) -13.0178179996
223 (1.0, 1.2, 0.1, 0.0) -13.0184735096
224 (1.0, 1.2, 0.05, 0.0) -13.0190395167
225 (1.0, -10.0, -15.0, -20.0) -15.9704635907
226 (1.0, -10.0, -15.0, 0.01) -15.1576973584
227 (1.0, -10.0, -15.0, 0.1) -15.1640567112
228 (1.0, -10.0, -15.0, 0.05) -15.1605137286
229 (1.0, -10.0, -15.0, 0.0) -15.1569957736
230 (1.0, -10.0, -20.0, 0.01) -15.937691119
231 (1.0, -10.0, -20.0, 0.1) -15.9436071939
232 (1.0, -10.0, -20.0, 0.05) -15.9403129276
233 (1.0, -10.0, -20.0, 0.0) -15.9370375607
234 (1.0, -10.0, 0.01, 0.1) -14.0623231632
235 (1.0, -10.0, 0.01, 0.05) -14.0603681312
236 (1.0, -10.0, 0.01, 0.0) -14.0584539539
237 (1.0, -10.0, 0.1, 0.05) -14.0638408543
238 (1.0, -10.0, 0.1, 0.0) -14.0619478285
239 (1.0, -10.0, 0.05, 0.0) -14.0599904464
240 (1.0, -15.0, -20.0, 0.01) -16.2678477075
241 (1.0, -15.0, -20.0, 0.1) -16.2740536798
242 (1.0, -15.0, -20.0, 0.05) -16.2705994426
243 (1.0, -15.0, -20.0, 0.0) -16.2671613964
244 (1.0, -15.0, 0.01, 0.1) -14.9812484927
245 (1.0, -15.0, 0.01, 0.05) -14.9790345653
246 (1.0, -15.0, 0.01, 0.0) -14.9768500219
247 (1.0, -15.0, 0.1, 0.05) -14.9829850277
248 (1.0, -15.0, 0.1, 0.0) -14.9808172997
249 (1.0, -15.0, 0.05, 0.0) -14.9786015039
250 (1.0, -20.0, 0.01, 0.1) -15.9192888004
251 (1.0, -20.0, 0.01, 0.05) -15.9171026065
252 (1.0, -20.0, 0.01, 0.0) -15.9149375073
253 (1.0, -20.0, 0.1, 0.05) -15.9210121556
254 (1.0, -20.0, 0.1, 0.0) -15.9188600729
255 (1.0, -20.0, 0.05, 0.0) -15.9166724327
256 (1.0, 0.01, 0.1, 0.05) -13.0087992167
257 (1.0, 0.01, 0.1, 0.0) -13.009101014
258 (1.0, 0.01, 0.05, 0.0) -13.009313134
259 (1.0, 0.1, 0.05, 0.0) -13.0088667515
260 (1.1, 1.2, -10.0, -15.0) -15.2560639601
261 (1.1, 1.2, -10.0, -20.0) -16.0279371529
262 (1.1, 1.2, -10.0, 0.01) -14.1208556917
263 (1.1, 1.2, -10.0, 0.1) -14.1237956115
264 (1.1, 1.2, -10.0, 0.05) -14.1221462828
265 (1.1, 1.2, -10.0, 0.0) -14.1205371298
266 (1.1, 1.2, -15.0, -20.0) -16.3614585347
267 (1.1, 1.2, -15.0, 0.01) -15.0427265897
268 (1.1, 1.2, -15.0, 0.1) -15.0462532464
269 (1.1, 1.2, -15.0, 0.05) -15.0442823726
270 (1.1, 1.2, -15.0, 0.0) -15.0423405528
271 (1.1, 1.2, -20.0, 0.01) -15.9777356398
272 (1.1, 1.2, -20.0, 0.1) -15.9813173919
273 (1.1, 1.2, -20.0, 0.05) -15.9793191746
274 (1.1, 1.2, -20.0, 0.0) -15.9773418477
275 (1.1, 1.2, 0.01, 0.1) -13.0200592489
276 (1.1, 1.2, 0.01, 0.05) -13.0206577052
277 (1.1, 1.2, 0.01, 0.0) -13.0213155715
278 (1.1, 1.2, 0.1, 0.05) -13.0195160688
279 (1.1, 1.2, 0.1, 0.0) -13.0202009836
280 (1.1, 1.2, 0.05, 0.0) -13.0207964347
281 (1.1, -10.0, -15.0, -20.0) -15.9813990526
282 (1.1, -10.0, -15.0, 0.01) -15.1662101228
283 (1.1, -10.0, -15.0, 0.1) -15.1725253203
284 (1.1, -10.0, -15.0, 0.05) -15.1690068819
285 (1.1, -10.0, -15.0, 0.0) -15.1655134387
286 (1.1, -10.0, -20.0, 0.01) -15.9453801747
287 (1.1, -10.0, -20.0, 0.1) -15.9512609503
288 (1.1, -10.0, -20.0, 0.05) -15.9479863005
289 (1.1, -10.0, -20.0, 0.0) -15.9447305356
290 (1.1, -10.0, 0.01, 0.1) -14.0682457098
291 (1.1, -10.0, 0.01, 0.05) -14.0663099727
292 (1.1, -10.0, 0.01, 0.0) -14.0644261822
293 (1.1, -10.0, 0.1, 0.05) -14.06974362
294 (1.1, -10.0, 0.1, 0.0) -14.0678753151
295 (1.1, -10.0, 0.05, 0.0) -14.0659428101
296 (1.1, -15.0, -20.0, 0.01) -16.2757422847
297 (1.1, -15.0, -20.0, 0.1) -16.2819139007
298 (1.1, -15.0, -20.0, 0.05) -16.2784787541
299 (1.1, -15.0, -20.0, 0.0) -16.2750597892
300 (1.1, -15.0, 0.01, 0.1) -14.9871556147
301 (1.1, -15.0, 0.01, 0.05) -14.9849615108
302 (1.1, -15.0, 0.01, 0.0) -14.9827967589
303 (1.1, -15.0, 0.1, 0.05) -14.9888763773
304 (1.1, -15.0, 0.1, 0.0) -14.9867283615
305 (1.1, -15.0, 0.05, 0.0) -14.9845323981
306 (1.1, -20.0, 0.01, 0.1) -15.9247421104
307 (1.1, -20.0, 0.01, 0.05) -15.9225712026
308 (1.1, -20.0, 0.01, 0.0) -15.9204213702
309 (1.1, -20.0, 0.1, 0.05) -15.926453297
310 (1.1, -20.0, 0.1, 0.0) -15.9243164231
311 (1.1, -20.0, 0.05, 0.0) -15.9221440754
312 (1.1, 0.01, 0.1, 0.05) -13.0112114219
313 (1.1, 0.01, 0.1, 0.0) -13.0115448155
314 (1.1, 0.01, 0.05, 0.0) -13.011786616
315 (1.1, 0.1, 0.05, 0.0) -13.0112868571
316 (1.2, -10.0, -15.0, -20.0) -15.9923888353
317 (1.2, -10.0, -15.0, 0.01) -15.1748149505
318 (1.2, -10.0, -15.0, 0.1) -15.1810859994
319 (1.2, -10.0, -15.0, 0.05) -15.1775920982
320 (1.2, -10.0, -15.0, 0.0) -15.1741231662
321 (1.2, -10.0, -20.0, 0.01) -15.9531391757
322 (1.2, -10.0, -20.0, 0.1) -15.9589846577
323 (1.2, -10.0, -20.0, 0.05) -15.9557296216
324 (1.2, -10.0, -20.0, 0.0) -15.9524934551
325 (1.2, -10.0, 0.01, 0.1) -14.0743242205
326 (1.2, -10.0, 0.01, 0.05) -14.0724189303
327 (1.2, -10.0, 0.01, 0.0) -14.0705543891
328 (1.2, -10.0, 0.1, 0.05) -14.0758023461
329 (1.2, -10.0, 0.1, 0.0) -14.0739587668
330 (1.2, -10.0, 0.05, 0.0) -14.0720511474
331 (1.2, -15.0, -20.0, 0.01) -16.2836963877
332 (1.2, -15.0, -20.0, 0.1) -16.2898336631
333 (1.2, -15.0, -20.0, 0.05) -16.2864175984
334 (1.2, -15.0, -20.0, 0.0) -16.2830177058
335 (1.2, -15.0, 0.01, 0.1) -14.9931748194
336 (1.2, -15.0, 0.01, 0.05) -14.9910005543
337 (1.2, -15.0, 0.01, 0.0) -14.9888553144
338 (1.2, -15.0, 0.1, 0.05) -14.9948797985
339 (1.2, -15.0, 0.1, 0.0) -14.9927515087
340 (1.2, -15.0, 0.05, 0.0) -14.9905751027
341 (1.2, -20.0, 0.01, 0.1) -15.9302758217
342 (1.2, -20.0, 0.01, 0.05) -15.9281202092
343 (1.2, -20.0, 0.01, 0.0) -15.9259856525
344 (1.2, -20.0, 0.1, 0.05) -15.9319748327
345 (1.2, -20.0, 0.1, 0.0) -15.9298531762
346 (1.2, -20.0, 0.05, 0.0) -15.9276961304
347 (1.2, 0.01, 0.1, 0.05) -13.0138622474
348 (1.2, 0.01, 0.1, 0.0) -13.0142232713
349 (1.2, 0.01, 0.05, 0.0) -13.0144947567
350 (1.2, 0.1, 0.05, 0.0) -13.0139416167
351 (-10.0, -15.0, -20.0, 0.01) -15.8651955019
352 (-10.0, -15.0, -20.0, 0.1) -15.8745107404
353 (-10.0, -15.0, -20.0, 0.05) -15.8693555439
354 (-10.0, -15.0, -20.0, 0.0) -15.8641568986
355 (-10.0, -15.0, 0.01, 0.1) -15.0853660038
356 (-10.0, -15.0, 0.01, 0.05) -15.0815805606
357 (-10.0, -15.0, 0.01, 0.0) -15.0778203271
358 (-10.0, -15.0, 0.1, 0.05) -15.0883586466
359 (-10.0, -15.0, 0.1, 0.0) -15.0846203689
360 (-10.0, -15.0, 0.05, 0.0) -15.0808324862
361 (-10.0, -20.0, 0.01, 0.1) -15.8717344647
362 (-10.0, -20.0, 0.01, 0.05) -15.8682462187
363 (-10.0, -20.0, 0.01, 0.0) -15.8647769807
364 (-10.0, -20.0, 0.1, 0.05) -15.8744973097
365 (-10.0, -20.0, 0.1, 0.0) -15.8710456578
366 (-10.0, -20.0, 0.05, 0.0) -15.8675554578
367 (-10.0, 0.01, 0.1, 0.05) -14.0140107242
368 (-10.0, 0.01, 0.1, 0.0) -14.0118741915
369 (-10.0, 0.01, 0.05, 0.0) -14.0096719067
370 (-10.0, 0.1, 0.05, 0.0) -14.013588671
371 (-15.0, -20.0, 0.01, 0.1) -16.1995524282
372 (-15.0, -20.0, 0.01, 0.05) -16.1959089437
373 (-15.0, -20.0, 0.01, 0.0) -16.1922817123
374 (-15.0, -20.0, 0.1, 0.05) -16.2024417727
375 (-15.0, -20.0, 0.1, 0.0) -16.1988317209
376 (-15.0, -20.0, 0.05, 0.0) -16.1951863276
377 (-15.0, 0.01, 0.1, 0.05) -14.9308339196
378 (-15.0, 0.01, 0.1, 0.0) -14.9284721391
379 (-15.0, 0.01, 0.05, 0.0) -14.9260611759
380 (-15.0, 0.1, 0.05, 0.0) -14.9303654925
381 (-20.0, 0.01, 0.1, 0.05) -15.8715739659
382 (-20.0, 0.01, 0.1, 0.0) -15.8692720684
383 (-20.0, 0.01, 0.05, 0.0) -15.8669338224
384 (-20.0, 0.1, 0.05, 0.0) -15.8711164903
385 (0.01, 0.1, 0.05, 0.0) -12.9977780554
386 (1.0, 1.1, 1.2, -10.0, -15.0) -18.6420404005
387 (1.0, 1.1, 1.2, -10.0, -20.0) -19.5582590751
388 (1.0, 1.1, 1.2, -10.0, 0.01) -17.1770189223
389 (1.0, 1.1, 1.2, -10.0, 0.1) -17.1794905456
390 (1.0, 1.1, 1.2, -10.0, 0.05) -17.1780979472
391 (1.0, 1.1, 1.2, -10.0, 0.0) -17.1767540384
392 (1.0, 1.1, 1.2, -15.0, -20.0) -19.9879737512
393 (1.0, 1.1, 1.2, -15.0, 0.01) -18.2795487129
394 (1.0, 1.1, 1.2, -15.0, 0.1) -18.2826453739
395 (1.0, 1.1, 1.2, -15.0, 0.05) -18.2809109787
396 (1.0, 1.1, 1.2, -15.0, 0.0) -18.2792116569
397 (1.0, 1.1, 1.2, -20.0, 0.01) -19.3889845867
398 (1.0, 1.1, 1.2, -20.0, 0.1) -19.3921827868
399 (1.0, 1.1, 1.2, -20.0, 0.05) -19.3903959033
400 (1.0, 1.1, 1.2, -20.0, 0.0) -19.3886342865
401 (1.0, 1.1, 1.2, 0.01, 0.1) -15.8325112896
402 (1.0, 1.1, 1.2, 0.01, 0.05) -15.8333599313
403 (1.0, 1.1, 1.2, 0.01, 0.0) -15.8342806239
404 (1.0, 1.1, 1.2, 0.1, 0.05) -15.8317593417
405 (1.0, 1.1, 1.2, 0.1, 0.0) -15.8327064801
406 (1.0, 1.1, 1.2, 0.05, 0.0) -15.8335521836
407 (1.0, 1.1, -10.0, -15.0, -20.0) -19.7674111383
408 (1.0, 1.1, -10.0, -15.0, 0.01) -18.5609659195
409 (1.0, 1.1, -10.0, -15.0, 0.1) -18.5665031211
410 (1.0, 1.1, -10.0, -15.0, 0.05) -18.5634147518
411 (1.0, 1.1, -10.0, -15.0, 0.0) -18.5603567535
412 (1.0, 1.1, -10.0, -20.0, 0.01) -19.4841054552
413 (1.0, 1.1, -10.0, -20.0, 0.1) -19.4892651398
414 (1.0, 1.1, -10.0, -20.0, 0.05) -19.4863893993
415 (1.0, 1.1, -10.0, -20.0, 0.0) -19.4835367854
416 (1.0, 1.1, -10.0, 0.01, 0.1) -17.1283490432
417 (1.0, 1.1, -10.0, 0.01, 0.05) -17.126698054
418 (1.0, 1.1, -10.0, 0.01, 0.0) -17.1250962582
419 (1.0, 1.1, -10.0, 0.1, 0.05) -17.1296189668
420 (1.0, 1.1, -10.0, 0.1, 0.0) -17.1280364833
421 (1.0, 1.1, -10.0, 0.05, 0.0) -17.1263833484
422 (1.0, 1.1, -15.0, -20.0, 0.01) -19.9105321009
423 (1.0, 1.1, -15.0, -20.0, 0.1) -19.915942754
424 (1.0, 1.1, -15.0, -20.0, 0.05) -19.9129288555
425 (1.0, 1.1, -15.0, -20.0, 0.0) -19.9099349108
426 (1.0, 1.1, -15.0, 0.01, 0.1) -18.2280942383
427 (1.0, 1.1, -15.0, 0.01, 0.05) -18.2261589843
428 (1.0, 1.1, -15.0, 0.01, 0.0) -18.224259168
429 (1.0, 1.1, -15.0, 0.1, 0.05) -18.229604937
430 (1.0, 1.1, -15.0, 0.1, 0.0) -18.2277201089
431 (1.0, 1.1, -15.0, 0.05, 0.0) -18.2257831896
432 (1.0, 1.1, -20.0, 0.01, 0.1) -19.3399407724
433 (1.0, 1.1, -20.0, 0.01, 0.05) -19.3380005636
434 (1.0, 1.1, -20.0, 0.01, 0.0) -19.3360858548
435 (1.0, 1.1, -20.0, 0.1, 0.05) -19.3414654175
436 (1.0, 1.1, -20.0, 0.1, 0.0) -19.3395621623
437 (1.0, 1.1, -20.0, 0.05, 0.0) -19.3376206809
438 (1.0, 1.1, 0.01, 0.1, 0.05) -15.8264214376
439 (1.0, 1.1, 0.01, 0.1, 0.0) -15.827025377
440 (1.0, 1.1, 0.01, 0.05, 0.0) -15.8275278591
441 (1.0, 1.1, 0.1, 0.05, 0.0) -15.8265503445
442 (1.0, 1.2, -10.0, -15.0, -20.0) -19.7767122198
443 (1.0, 1.2, -10.0, -15.0, 0.01) -18.5688562013
444 (1.0, 1.2, -10.0, -15.0, 0.1) -18.5743568724
445 (1.0, 1.2, -10.0, -15.0, 0.05) -18.5712888129
446 (1.0, 1.2, -10.0, -15.0, 0.0) -18.5682510866
447 (1.0, 1.2, -10.0, -20.0, 0.01) -19.4911735225
448 (1.0, 1.2, -10.0, -20.0, 0.1) -19.4963045601
449 (1.0, 1.2, -10.0, -20.0, 0.05) -19.4934447448
450 (1.0, 1.2, -10.0, -20.0, 0.0) -19.4906080306
451 (1.0, 1.2, -10.0, 0.01, 0.1) -17.1341628416
452 (1.0, 1.2, -10.0, 0.01, 0.05) -17.1325676454
453 (1.0, 1.2, -10.0, 0.01, 0.0) -17.1309841524
454 (1.0, 1.2, -10.0, 0.1, 0.05) -17.1354144268
455 (1.0, 1.2, -10.0, 0.1, 0.0) -17.1338548601
456 (1.0, 1.2, -10.0, 0.05, 0.0) -17.1322531203
457 (1.0, 1.2, -15.0, -20.0, 0.01) -19.9177243697
458 (1.0, 1.2, -15.0, -20.0, 0.1) -19.9231078614
459 (1.0, 1.2, -15.0, -20.0, 0.05) -19.9201090611
460 (1.0, 1.2, -15.0, -20.0, 0.0) -19.9171301933
461 (1.0, 1.2, -15.0, 0.01, 0.1) -18.2338186061
462 (1.0, 1.2, -15.0, 0.01, 0.05) -18.2319010738
463 (1.0, 1.2, -15.0, 0.01, 0.0) -18.2300189385
464 (1.0, 1.2, -15.0, 0.1, 0.05) -18.2353152012
465 (1.0, 1.2, -15.0, 0.1, 0.0) -18.2334479985
466 (1.0, 1.2, -15.0, 0.05, 0.0) -18.2315288071
467 (1.0, 1.2, -20.0, 0.01, 0.1) -19.3451701055
468 (1.0, 1.2, -20.0, 0.01, 0.05) -19.3432434039
469 (1.0, 1.2, -20.0, 0.01, 0.0) -19.3413421772
470 (1.0, 1.2, -20.0, 0.1, 0.05) -19.3466839955
471 (1.0, 1.2, -20.0, 0.1, 0.0) -19.3447941817
472 (1.0, 1.2, -20.0, 0.05, 0.0) -19.3428662119
473 (1.0, 1.2, 0.01, 0.1, 0.05) -15.8290796018
474 (1.0, 1.2, 0.01, 0.1, 0.0) -15.829712024
475 (1.0, 1.2, 0.01, 0.05, 0.0) -15.8302430575
476 (1.0, 1.2, 0.1, 0.05, 0.0) -15.8292141999
477 (1.0, -10.0, -15.0, -20.0, 0.01) -19.670682556
478 (1.0, -10.0, -15.0, -20.0, 0.1) -19.6783363608
479 (1.0, -10.0, -15.0, -20.0, 0.05) -19.6740766355
480 (1.0, -10.0, -15.0, -20.0, 0.0) -19.669835944
481 (1.0, -10.0, -15.0, 0.01, 0.1) -18.4895150765
482 (1.0, -10.0, -15.0, 0.01, 0.05) -18.4862180481
483 (1.0, -10.0, -15.0, 0.01, 0.0) -18.4829518009
484 (1.0, -10.0, -15.0, 0.1, 0.05) -18.4921163642
485 (1.0, -10.0, -15.0, 0.1, 0.0) -18.4888678357
486 (1.0, -10.0, -15.0, 0.05, 0.0) -18.4855688386
487 (1.0, -10.0, -20.0, 0.01, 0.1) -19.4183462785
488 (1.0, -10.0, -20.0, 0.01, 0.05) -19.4153598631
489 (1.0, -10.0, -20.0, 0.01, 0.0) -19.4123344823
490 (1.0, -10.0, -20.0, 0.1, 0.05) -19.4207563613
491 (1.0, -10.0, -20.0, 0.1, 0.0) -19.4177460962
492 (1.0, -10.0, -20.0, 0.05, 0.0) -19.4147579055
493 (1.0, -10.0, 0.01, 0.1, 0.05) -17.0786630455
494 (1.0, -10.0, 0.01, 0.1, 0.0) -17.076836511
495 (1.0, -10.0, 0.01, 0.05, 0.0) -17.0749380524
496 (1.0, -10.0, 0.1, 0.05, 0.0) -17.0783034871
497 (1.0, -15.0, -20.0, 0.01, 0.1) -19.8445985646
498 (1.0, -15.0, -20.0, 0.01, 0.05) -19.8414446086
499 (1.0, -15.0, -20.0, 0.01, 0.0) -19.8383108643
500 (1.0, -15.0, -20.0, 0.1, 0.05) -19.8470965701
501 (1.0, -15.0, -20.0, 0.1, 0.0) -19.8439760864
502 (1.0, -15.0, -20.0, 0.05, 0.0) -19.840820657
503 (1.0, -15.0, 0.01, 0.1, 0.05) -18.1753177958
504 (1.0, -15.0, 0.01, 0.1, 0.0) -18.173231323
505 (1.0, -15.0, 0.01, 0.05, 0.0) -18.1710916702
506 (1.0, -15.0, 0.1, 0.05, 0.0) -18.1749047511
507 (1.0, -20.0, 0.01, 0.1, 0.05) -19.2910630982
508 (1.0, -20.0, 0.01, 0.1, 0.0) -19.2890147875
509 (1.0, -20.0, 0.01, 0.05, 0.0) -19.2869275446
510 (1.0, -20.0, 0.1, 0.05, 0.0) -19.2906565474
511 (1.0, 0.01, 0.1, 0.05, 0.0) -15.8162742387
512 (1.1, 1.2, -10.0, -15.0, -20.0) -19.7858585169
513 (1.1, 1.2, -10.0, -15.0, 0.01) -18.5767007318
514 (1.1, 1.2, -10.0, -15.0, 0.1) -18.5821576247
515 (1.1, 1.2, -10.0, -15.0, 0.05) -18.5791138768
516 (1.1, 1.2, -10.0, -15.0, 0.0) -18.5759423848
517 (1.1, 1.2, -10.0, -20.0, 0.01) -19.4980852811
518 (1.1, 1.2, -10.0, -20.0, 0.1) -19.5031880008
519 (1.1, 1.2, -10.0, -20.0, 0.05) -19.5003439311
520 (1.1, 1.2, -10.0, -20.0, 0.0) -19.4975229314
521 (1.1, 1.2, -10.0, 0.01, 0.1) -17.1397160147
522 (1.1, 1.2, -10.0, 0.01, 0.05) -17.138110792
523 (1.1, 1.2, -10.0, 0.01, 0.0) -17.136554419
524 (1.1, 1.2, -10.0, 0.1, 0.05) -17.1409497068
525 (1.1, 1.2, -10.0, 0.1, 0.0) -17.1394125006
526 (1.1, 1.2, -10.0, 0.05, 0.0) -17.137805149
527 (1.1, 1.2, -15.0, -20.0, 0.01) -19.9247763864
528 (1.1, 1.2, -15.0, -20.0, 0.1) -19.9313057703
529 (1.1, 1.2, -15.0, -20.0, 0.05) -19.9283438783
530 (1.1, 1.2, -15.0, -20.0, 0.0) -19.9241851911
531 (1.1, 1.2, -15.0, 0.01, 0.1) -18.2393746379
532 (1.1, 1.2, -15.0, 0.01, 0.05) -18.2374746404
533 (1.1, 1.2, -15.0, 0.01, 0.0) -18.2355655189
534 (1.1, 1.2, -15.0, 0.1, 0.05) -18.2408572727
535 (1.1, 1.2, -15.0, 0.1, 0.0) -18.2390075159
536 (1.1, 1.2, -15.0, 0.05, 0.0) -18.2370613675
537 (1.1, 1.2, -20.0, 0.01, 0.1) -19.3502434121
538 (1.1, 1.2, -20.0, 0.01, 0.05) -19.3483300963
539 (1.1, 1.2, -20.0, 0.01, 0.0) -19.3464422314
540 (1.1, 1.2, -20.0, 0.1, 0.05) -19.3517466426
541 (1.1, 1.2, -20.0, 0.1, 0.0) -19.3498701508
542 (1.1, 1.2, -20.0, 0.05, 0.0) -19.3479555713
543 (1.1, 1.2, 0.01, 0.1, 0.05) -15.8313307937
544 (1.1, 1.2, 0.01, 0.1, 0.0) -15.8319917317
545 (1.1, 1.2, 0.01, 0.05, 0.0) -15.8325513373
546 (1.1, 1.2, 0.1, 0.05, 0.0) -15.8314710906
547 (1.1, -10.0, -15.0, -20.0, 0.01) -19.6803325936
548 (1.1, -10.0, -15.0, -20.0, 0.1) -19.6879485586
549 (1.1, -10.0, -15.0, -20.0, 0.05) -19.6837098621
550 (1.1, -10.0, -15.0, -20.0, 0.0) -19.6794901827
551 (1.1, -10.0, -15.0, 0.01, 0.1) -18.497660054
552 (1.1, -10.0, -15.0, 0.01, 0.05) -18.4943842459
553 (1.1, -10.0, -15.0, 0.01, 0.0) -18.4911391805
554 (1.1, -10.0, -15.0, 0.1, 0.05) -18.5002444739
555 (1.1, -10.0, -15.0, 0.1, 0.0) -18.4970170262
556 (1.1, -10.0, -15.0, 0.05, 0.0) -18.4937392607
557 (1.1, -10.0, -20.0, 0.01, 0.1) -19.425630797
558 (1.1, -10.0, -20.0, 0.01, 0.05) -19.4225998195
559 (1.1, -10.0, -20.0, 0.01, 0.0) -19.4195921797
560 (1.1, -10.0, -20.0, 0.1, 0.05) -19.4280276038
561 (1.1, -10.0, -20.0, 0.1, 0.0) -19.4250339312
562 (1.1, -10.0, -20.0, 0.05, 0.0) -19.4220014018
563 (1.1, -10.0, 0.01, 0.1, 0.05) -17.0847709083
564 (1.1, -10.0, 0.01, 0.1, 0.0) -17.0829677908
565 (1.1, -10.0, 0.01, 0.05, 0.0) -17.0810928982
566 (1.1, -10.0, 0.1, 0.05, 0.0) -17.0844160214
567 (1.1, -15.0, -20.0, 0.01, 0.1) -19.8519574731
568 (1.1, -15.0, -20.0, 0.01, 0.05) -19.8488192462
569 (1.1, -15.0, -20.0, 0.01, 0.0) -19.8457012099
570 (1.1, -15.0, -20.0, 0.1, 0.05) -19.8527571483
571 (1.1, -15.0, -20.0, 0.1, 0.0) -19.8513381215
572 (1.1, -15.0, -20.0, 0.05, 0.0) -19.8481984286
573 (1.1, -15.0, 0.01, 0.1, 0.05) -18.182276792
574 (1.1, -15.0, 0.01, 0.1, 0.0) -18.1792154709
575 (1.1, -15.0, 0.01, 0.05, 0.0) -18.1770943634
576 (1.1, -15.0, 0.1, 0.05, 0.0) -18.1818695842
577 (1.1, -20.0, 0.01, 0.1, 0.05) -19.2964626866
578 (1.1, -20.0, 0.01, 0.1, 0.0) -19.2944282919
579 (1.1, -20.0, 0.01, 0.05, 0.0) -19.2923550398
580 (1.1, -20.0, 0.1, 0.05, 0.0) -19.296058913
581 (1.1, 0.01, 0.1, 0.05, 0.0) -15.8192304221
582 (1.2, -10.0, -15.0, -20.0, 0.01) -19.690052506
583 (1.2, -10.0, -15.0, -20.0, 0.1) -19.6976306254
584 (1.2, -10.0, -15.0, -20.0, 0.05) -19.6934129612
585 (1.2, -10.0, -15.0, -20.0, 0.0) -19.6892142966
586 (1.2, -10.0, -15.0, 0.01, 0.1) -18.505496748
587 (1.2, -10.0, -15.0, 0.01, 0.05) -18.5022420855
588 (1.2, -10.0, -15.0, 0.01, 0.0) -18.4994423721
589 (1.2, -10.0, -15.0, 0.1, 0.05) -18.5080643814
590 (1.2, -10.0, -15.0, 0.1, 0.0) -18.504857916
591 (1.2, -10.0, -15.0, 0.05, 0.0) -18.5016013133
592 (1.2, -10.0, -20.0, 0.01, 0.1) -19.4330036303
593 (1.2, -10.0, -20.0, 0.01, 0.05) -19.4299893622
594 (1.2, -10.0, -20.0, 0.01, 0.0) -19.4269984054
595 (1.2, -10.0, -20.0, 0.1, 0.05) -19.4353871452
596 (1.2, -10.0, -20.0, 0.1, 0.0) -19.4324100848
597 (1.2, -10.0, -20.0, 0.05, 0.0) -19.4293942727
598 (1.2, -10.0, 0.01, 0.1, 0.05) -17.0910699771
599 (1.2, -10.0, 0.01, 0.1, 0.0) -17.0892902975
600 (1.2, -10.0, 0.01, 0.05, 0.0) -17.0874389953
601 (1.2, -10.0, 0.1, 0.05, 0.0) -17.0907197657
602 (1.2, -15.0, -20.0, 0.01, 0.1) -19.8577335476
603 (1.2, -15.0, -20.0, 0.01, 0.05) -19.8545881469
604 (1.2, -15.0, -20.0, 0.01, 0.0) -19.8531678144
605 (1.2, -15.0, -20.0, 0.1, 0.05) -19.8602248286
606 (1.2, -15.0, -20.0, 0.1, 0.0) -19.8571127404
607 (1.2, -15.0, -20.0, 0.05, 0.0) -19.8539658729
608 (1.2, -15.0, 0.01, 0.1, 0.05) -18.188357528
609 (1.2, -15.0, 0.01, 0.1, 0.0) -18.1863186419
610 (1.2, -15.0, 0.01, 0.05, 0.0) -18.1842268786
611 (1.2, -15.0, 0.1, 0.05, 0.0) -18.1879539766
612 (1.2, -20.0, 0.01, 0.1, 0.05) -19.3019613067
613 (1.2, -20.0, 0.01, 0.1, 0.0) -19.2999408473
614 (1.2, -20.0, 0.01, 0.05, 0.0) -19.297881606
615 (1.2, -20.0, 0.1, 0.05, 0.0) -19.3015603142
616 (1.2, 0.01, 0.1, 0.05, 0.0) -15.8224741224
617 (-10.0, -15.0, -20.0, 0.01, 0.1) -19.587084059
618 (-10.0, -15.0, -20.0, 0.01, 0.05) -19.58261671
619 (-10.0, -15.0, -20.0, 0.01, 0.0) -19.5781685305
620 (-10.0, -15.0, -20.0, 0.1, 0.05) -19.5906291008
621 (-10.0, -15.0, -20.0, 0.1, 0.0) -19.5861997192
622 (-10.0, -15.0, -20.0, 0.05, 0.0) -19.5817302816
623 (-10.0, -15.0, 0.01, 0.1, 0.05) -18.4180161366
624 (-10.0, -15.0, 0.01, 0.1, 0.0) -18.4145615731
625 (-10.0, -15.0, 0.01, 0.05, 0.0) -18.4110551394
626 (-10.0, -15.0, 0.1, 0.05, 0.0) -18.4173293663
627 (-10.0, -20.0, 0.01, 0.1, 0.05) -19.3537004791
628 (-10.0, -20.0, 0.01, 0.1, 0.0) -19.3505263809
629 (-10.0, -20.0, 0.01, 0.05, 0.0) -19.3473123268
630 (-10.0, -20.0, 0.1, 0.05, 0.0) -19.3530688508
631 (-10.0, 0.01, 0.1, 0.05, 0.0) -17.0283112777
632 (-15.0, -20.0, 0.01, 0.1, 0.05) -19.7785884844
633 (-15.0, -20.0, 0.01, 0.1, 0.0) -19.7753143387
634 (-15.0, -20.0, 0.01, 0.05, 0.0) -19.7720043336
635 (-15.0, -20.0, 0.1, 0.05, 0.0) -19.7779365193
636 (-15.0, 0.01, 0.1, 0.05, 0.0) -18.1246123061
637 (-20.0, 0.01, 0.1, 0.05, 0.0) -19.2424800383
638 (1.0, 1.1, 1.2, -10.0, -15.0, -20.0) -23.4080772396
639 (1.0, 1.1, 1.2, -10.0, -15.0, 0.01) -21.8544457569
640 (1.0, 1.1, 1.2, -10.0, -15.0, 0.1) -21.859354023
641 (1.0, 1.1, 1.2, -10.0, -15.0, 0.05) -21.8566131019
642 (1.0, 1.1, 1.2, -10.0, -15.0, 0.0) -21.8539074522
643 (1.0, 1.1, 1.2, -10.0, -20.0, 0.01) -22.9172793849
644 (1.0, 1.1, 1.2, -10.0, -20.0, 0.1) -22.921896921
645 (1.0, 1.1, 1.2, -10.0, -20.0, 0.05) -22.9193208944
646 (1.0, 1.1, 1.2, -10.0, -20.0, 0.0) -22.9167716933
647 (1.0, 1.1, 1.2, -10.0, 0.01, 0.1) -20.0980919166
648 (1.0, 1.1, 1.2, -10.0, 0.01, 0.05) -20.0967198347
649 (1.0, 1.1, 1.2, -10.0, 0.01, 0.0) -20.095404959
650 (1.0, 1.1, 1.2, -10.0, 0.1, 0.05) -20.0991339322
651 (1.0, 1.1, 1.2, -10.0, 0.1, 0.0) -20.0978371344
652 (1.0, 1.1, 1.2, -10.0, 0.05, 0.0) -20.0964630439
653 (1.0, 1.1, 1.2, -15.0, -20.0, 0.01) -23.4359921226
654 (1.0, 1.1, 1.2, -15.0, -20.0, 0.1) -23.440795562
655 (1.0, 1.1, 1.2, -15.0, -20.0, 0.05) -23.4381176885
656 (1.0, 1.1, 1.2, -15.0, -20.0, 0.0) -23.4354630584
657 (1.0, 1.1, 1.2, -15.0, 0.01, 0.1) -21.3754456165
658 (1.0, 1.1, 1.2, -15.0, 0.01, 0.05) -21.3737452697
659 (1.0, 1.1, 1.2, -15.0, 0.01, 0.0) -21.3720854709
660 (1.0, 1.1, 1.2, -15.0, 0.1, 0.05) -21.3767657001
661 (1.0, 1.1, 1.2, -15.0, 0.1, 0.0) -21.3751197134
662 (1.0, 1.1, 1.2, -15.0, 0.05, 0.0) -21.3734178328
663 (1.0, 1.1, 1.2, -20.0, 0.01, 0.1) -22.6593868171
664 (1.0, 1.1, 1.2, -20.0, 0.01, 0.05) -22.6576498533
665 (1.0, 1.1, 1.2, -20.0, 0.01, 0.0) -22.6559425294
666 (1.0, 1.1, 1.2, -20.0, 0.1, 0.05) -22.6607466988
667 (1.0, 1.1, 1.2, -20.0, 0.1, 0.0) -22.6590498115
668 (1.0, 1.1, 1.2, -20.0, 0.05, 0.0) -22.6573116881
669 (1.0, 1.1, 1.2, 0.01, 0.1, 0.05) -18.5491971894
670 (1.0, 1.1, 1.2, 0.01, 0.1, 0.0) -18.5501194609
671 (1.0, 1.1, 1.2, 0.01, 0.05, 0.0) -18.55092839
672 (1.0, 1.1, 1.2, 0.1, 0.05, 0.0) -18.5493907147
673 (1.0, 1.1, -10.0, -15.0, -20.0, 0.01) -23.3141689518
674 (1.0, 1.1, -10.0, -15.0, -20.0, 0.1) -23.3208374822
675 (1.0, 1.1, -10.0, -15.0, -20.0, 0.05) -23.3171237723
676 (1.0, 1.1, -10.0, -15.0, -20.0, 0.0) -23.3134324938
677 (1.0, 1.1, -10.0, -15.0, 0.01, 0.1) -21.7807763873
678 (1.0, 1.1, -10.0, -15.0, 0.01, 0.05) -21.7778307804
679 (1.0, 1.1, -10.0, -15.0, 0.01, 0.0) -21.7749208933
680 (1.0, 1.1, -10.0, -15.0, 0.1, 0.05) -21.7830950045
681 (1.0, 1.1, -10.0, -15.0, 0.1, 0.0) -21.780200307
682 (1.0, 1.1, -10.0, -15.0, 0.05, 0.0) -21.7772530124
683 (1.0, 1.1, -10.0, -20.0, 0.01, 0.1) -22.8503072495
684 (1.0, 1.1, -10.0, -20.0, 0.01, 0.05) -22.8475695589
685 (1.0, 1.1, -10.0, -20.0, 0.01, 0.0) -22.8448589953
686 (1.0, 1.1, -10.0, -20.0, 0.1, 0.05) -22.8524682544
687 (1.0, 1.1, -10.0, -20.0, 0.1, 0.0) -22.8497697124
688 (1.0, 1.1, -10.0, -20.0, 0.05, 0.0) -22.8470306861
689 (1.0, 1.1, -10.0, 0.01, 0.1, 0.05) -20.0460297178
690 (1.0, 1.1, -10.0, 0.01, 0.1, 0.0) -20.0444825147
691 (1.0, 1.1, -10.0, 0.01, 0.05, 0.0) -20.0428568444
692 (1.0, 1.1, -10.0, 0.1, 0.05, 0.0) -20.0457265502
693 (1.0, 1.1, -15.0, -20.0, 0.01, 0.1) -23.367936969
694 (1.0, 1.1, -15.0, -20.0, 0.01, 0.05) -23.3651089222
695 (1.0, 1.1, -15.0, -20.0, 0.01, 0.0) -23.3623043767
696 (1.0, 1.1, -15.0, -20.0, 0.1, 0.05) -23.3701735451
697 (1.0, 1.1, -15.0, -20.0, 0.1, 0.0) -23.3673801765
698 (1.0, 1.1, -15.0, -20.0, 0.05, 0.0) -23.3645508878
699 (1.0, 1.1, -15.0, 0.01, 0.1, 0.05) -21.3218539902
700 (1.0, 1.1, -15.0, 0.01, 0.1, 0.0) -21.3212468775
701 (1.0, 1.1, -15.0, 0.01, 0.05, 0.0) -21.3193588993
702 (1.0, 1.1, -15.0, 0.1, 0.05, 0.0) -21.3214911652
703 (1.0, 1.1, -20.0, 0.01, 0.1, 0.05) -22.6088827416
704 (1.0, 1.1, -20.0, 0.01, 0.1, 0.0) -22.6070416204
705 (1.0, 1.1, -20.0, 0.01, 0.05, 0.0) -22.6051586046
706 (1.0, 1.1, -20.0, 0.1, 0.05, 0.0) -22.6085178661
707 (1.0, 1.1, 0.01, 0.1, 0.05, 0.0) -18.5400861107
708 (1.0, 1.2, -10.0, -15.0, -20.0, 0.01) -23.3228935377
709 (1.0, 1.2, -10.0, -15.0, -20.0, 0.1) -23.3295323174
710 (1.0, 1.2, -10.0, -15.0, -20.0, 0.05) -23.3258351464
711 (1.0, 1.2, -10.0, -15.0, -20.0, 0.0) -23.3221603799
712 (1.0, 1.2, -10.0, -15.0, 0.01, 0.1) -21.7885372378
713 (1.0, 1.2, -10.0, -15.0, 0.01, 0.05) -21.7856099477
714 (1.0, 1.2, -10.0, -15.0, 0.01, 0.0) -21.7827183306
715 (1.0, 1.2, -10.0, -15.0, 0.1, 0.05) -21.7908412912
716 (1.0, 1.2, -10.0, -15.0, 0.1, 0.0) -21.7879647938
717 (1.0, 1.2, -10.0, -15.0, 0.05, 0.0) -21.7850358237
718 (1.0, 1.2, -10.0, -20.0, 0.01, 0.1) -22.8572135459
719 (1.0, 1.2, -10.0, -20.0, 0.01, 0.05) -22.8544902402
720 (1.0, 1.2, -10.0, -20.0, 0.01, 0.0) -22.8517940311
721 (1.0, 1.2, -10.0, -20.0, 0.1, 0.05) -22.859363105
722 (1.0, 1.2, -10.0, -20.0, 0.1, 0.0) -22.8566788672
723 (1.0, 1.2, -10.0, -20.0, 0.05, 0.0) -22.8539542314
724 (1.0, 1.2, -10.0, 0.01, 0.1, 0.05) -20.0521533027
725 (1.0, 1.2, -10.0, 0.01, 0.1, 0.0) -20.0506278944
726 (1.0, 1.2, -10.0, 0.01, 0.05, 0.0) -20.0490241549
727 (1.0, 1.2, -10.0, 0.1, 0.05, 0.0) -20.0518544832
728 (1.0, 1.2, -15.0, -20.0, 0.01, 0.1) -23.3748495886
729 (1.0, 1.2, -15.0, -20.0, 0.01, 0.05) -23.3720348956
730 (1.0, 1.2, -15.0, -20.0, 0.01, 0.0) -23.3692436784
731 (1.0, 1.2, -15.0, -20.0, 0.1, 0.05) -23.3770755374
732 (1.0, 1.2, -15.0, -20.0, 0.1, 0.0) -23.3742954504
733 (1.0, 1.2, -15.0, -20.0, 0.05, 0.0) -23.3714795207
734 (1.0, 1.2, -15.0, 0.01, 0.1, 0.05) -21.3277289951
735 (1.0, 1.2, -15.0, 0.01, 0.1, 0.0) -21.3259087181
736 (1.0, 1.2, -15.0, 0.01, 0.05, 0.0) -21.3240310826
737 (1.0, 1.2, -15.0, 0.1, 0.05, 0.0) -21.3273695246
738 (1.0, 1.2, -20.0, 0.01, 0.1, 0.05) -22.6141599331
739 (1.0, 1.2, -20.0, 0.01, 0.1, 0.0) -22.6123314847
740 (1.0, 1.2, -20.0, 0.01, 0.05, 0.0) -22.6104612077
741 (1.0, 1.2, -20.0, 0.1, 0.05, 0.0) -22.613797587
742 (1.0, 1.2, 0.01, 0.1, 0.05, 0.0) -18.543340555
743 (1.0, -10.0, -15.0, -20.0, 0.01, 0.1) -23.2315919013
744 (1.0, -10.0, -15.0, -20.0, 0.01, 0.05) -23.2276994164
745 (1.0, -10.0, -15.0, -20.0, 0.01, 0.0) -23.2238296331
746 (1.0, -10.0, -15.0, -20.0, 0.1, 0.05) -23.2346779371
747 (1.0, -10.0, -15.0, -20.0, 0.1, 0.0) -23.2308226648
748 (1.0, -10.0, -15.0, -20.0, 0.05, 0.0) -23.2269285676
749 (1.0, -10.0, -15.0, 0.01, 0.1, 0.05) -21.7076818261
750 (1.0, -10.0, -15.0, 0.01, 0.1, 0.0) -21.7045917976
751 (1.0, -10.0, -15.0, 0.01, 0.05, 0.0) -21.7014479133
752 (1.0, -10.0, -15.0, 0.1, 0.05, 0.0) -21.707068123
753 (1.0, -10.0, -20.0, 0.01, 0.1, 0.05) -22.7841789363
754 (1.0, -10.0, -20.0, 0.01, 0.1, 0.0) -22.7813266657
755 (1.0, -10.0, -20.0, 0.01, 0.05, 0.0) -22.7784330257
756 (1.0, -10.0, -20.0, 0.1, 0.05, 0.0) -22.7836117875
757 (1.0, -10.0, 0.01, 0.1, 0.05, 0.0) -19.9944476196
758 (1.0, -15.0, -20.0, 0.01, 0.1, 0.05) -23.3009441468
759 (1.0, -15.0, -20.0, 0.01, 0.1, 0.0) -23.2980067035
760 (1.0, -15.0, -20.0, 0.01, 0.05, 0.0) -23.2950325359
761 (1.0, -15.0, -20.0, 0.1, 0.05, 0.0) -23.3003595922
762 (1.0, -15.0, 0.01, 0.1, 0.05, 0.0) -21.2693887616
763 (1.0, -20.0, 0.01, 0.1, 0.05, 0.0) -22.558931173
764 (1.1, 1.2, -10.0, -15.0, -20.0, 0.01) -23.3314622392
765 (1.1, 1.2, -10.0, -15.0, -20.0, 0.1) -23.3380716223
766 (1.1, 1.2, -10.0, -15.0, -20.0, 0.05) -23.3343907932
767 (1.1, 1.2, -10.0, -15.0, -20.0, 0.0) -23.3307323425
768 (1.1, 1.2, -10.0, -15.0, 0.01, 0.1) -21.796082014
769 (1.1, 1.2, -10.0, -15.0, 0.01, 0.05) -21.7931728235
770 (1.1, 1.2, -10.0, -15.0, 0.01, 0.0) -21.7902992609
771 (1.1, 1.2, -10.0, -15.0, 0.1, 0.05) -21.7983716749
772 (1.1, 1.2, -10.0, -15.0, 0.1, 0.0) -21.7955131636
773 (1.1, 1.2, -10.0, -15.0, 0.05, 0.0) -21.7926023007
774 (1.1, 1.2, -10.0, -20.0, 0.01, 0.1) -22.8639539366
775 (1.1, 1.2, -10.0, -20.0, 0.01, 0.05) -22.8612448616
776 (1.1, 1.2, -10.0, -20.0, 0.01, 0.0) -22.8585628534
777 (1.1, 1.2, -10.0, -20.0, 0.1, 0.05) -22.866092172
778 (1.1, 1.2, -10.0, -20.0, 0.1, 0.0) -22.8634220859
779 (1.1, 1.2, -10.0, -20.0, 0.05, 0.0) -22.8607116862
780 (1.1, 1.2, -10.0, 0.01, 0.1, 0.05) -20.0579572479
781 (1.1, 1.2, -10.0, 0.01, 0.1, 0.0) -20.0564534524
782 (1.1, 1.2, -10.0, 0.01, 0.05, 0.0) -20.0548714549
783 (1.1, 1.2, -10.0, 0.1, 0.05, 0.0) -20.0576627407
784 (1.1, 1.2, -15.0, -20.0, 0.01, 0.1) -23.3816149747
785 (1.1, 1.2, -15.0, -20.0, 0.01, 0.05) -23.3788134944
786 (1.1, 1.2, -15.0, -20.0, 0.01, 0.0) -23.3760354649
787 (1.1, 1.2, -15.0, -20.0, 0.1, 0.05) -23.383830408
788 (1.1, 1.2, -15.0, -20.0, 0.1, 0.0) -23.3810634629
789 (1.1, 1.2, -15.0, -20.0, 0.05, 0.0) -23.3782607509
790 (1.1, 1.2, -15.0, 0.01, 0.1, 0.05) -21.3333699465
791 (1.1, 1.2, -15.0, 0.01, 0.1, 0.0) -21.3315663354
792 (1.1, 1.2, -15.0, 0.01, 0.05, 0.0) -21.3297053274
793 (1.1, 1.2, -15.0, 0.1, 0.05, 0.0) -21.3330138018
794 (1.1, 1.2, -20.0, 0.01, 0.1, 0.05) -22.6192665695
795 (1.1, 1.2, -20.0, 0.01, 0.1, 0.0) -22.6174506864
796 (1.1, 1.2, -20.0, 0.01, 0.05, 0.0) -22.6155930386
797 (1.1, 1.2, -20.0, 0.1, 0.05, 0.0) -22.6189067313
798 (1.1, 1.2, 0.01, 0.1, 0.05, 0.0) -18.5461393113
799 (1.1, -10.0, -15.0, -20.0, 0.01, 0.1) -23.2405494648
800 (1.1, -10.0, -15.0, -20.0, 0.01, 0.05) -23.2366743105
801 (1.1, -10.0, -15.0, -20.0, 0.01, 0.0) -23.2328218309
802 (1.1, -10.0, -15.0, -20.0, 0.1, 0.05) -23.2436217165
803 (1.1, -10.0, -15.0, -20.0, 0.1, 0.0) -23.2397836717
804 (1.1, -10.0, -15.0, -20.0, 0.05, 0.0) -23.2359069135
805 (1.1, -10.0, -15.0, 0.01, 0.1, 0.05) -21.7156755513
806 (1.1, -10.0, -15.0, 0.01, 0.1, 0.0) -21.7126045327
807 (1.1, -10.0, -15.0, 0.01, 0.05, 0.0) -21.7094797908
808 (1.1, -10.0, -15.0, 0.1, 0.05, 0.0) -21.7150656396
809 (1.1, -10.0, -20.0, 0.01, 0.1, 0.05) -22.7912263647
810 (1.1, -10.0, -20.0, 0.01, 0.1, 0.0) -22.7884318205
811 (1.1, -10.0, -20.0, 0.01, 0.05, 0.0) -22.7855531497
812 (1.1, -10.0, -20.0, 0.1, 0.05, 0.0) -22.7906619084
813 (1.1, -10.0, 0.01, 0.1, 0.05, 0.0) -19.9999770061
814 (1.1, -15.0, -20.0, 0.01, 0.1, 0.05) -23.3080363858
815 (1.1, -15.0, -20.0, 0.01, 0.1, 0.0) -23.3051127462
816 (1.1, -15.0, -20.0, 0.01, 0.05, 0.0) -23.3021524639
817 (1.1, -15.0, -20.0, 0.1, 0.05, 0.0) -23.3074545855
818 (1.1, -15.0, 0.01, 0.1, 0.05, 0.0) -21.2754445837
819 (1.1, -20.0, 0.01, 0.1, 0.05, 0.0) -22.5643566805
820 (1.2, -10.0, -15.0, -20.0, 0.01, 0.1) -23.249592273
821 (1.2, -10.0, -15.0, -20.0, 0.01, 0.05) -23.2457344751
822 (1.2, -10.0, -15.0, -20.0, 0.01, 0.0) -23.2418993247
823 (1.2, -10.0, -15.0, -20.0, 0.1, 0.05) -23.2526507201
824 (1.2, -10.0, -15.0, -20.0, 0.1, 0.0) -23.2488299282
825 (1.2, -10.0, -15.0, -20.0, 0.05, 0.0) -23.244970535
826 (1.2, -10.0, -15.0, 0.01, 0.1, 0.05) -21.7238068486
827 (1.2, -10.0, -15.0, 0.01, 0.1, 0.0) -21.7207548809
828 (1.2, -10.0, -15.0, 0.01, 0.05, 0.0) -21.717649324
829 (1.2, -10.0, -15.0, 0.1, 0.05, 0.0) -21.7232007364
830 (1.2, -10.0, -20.0, 0.01, 0.1, 0.05) -22.7984242886
831 (1.2, -10.0, -20.0, 0.01, 0.1, 0.0) -22.7956004664
832 (1.2, -10.0, -20.0, 0.01, 0.05, 0.0) -22.7927354313
833 (1.2, -10.0, -20.0, 0.1, 0.05, 0.0) -22.797862817
834 (1.2, -10.0, 0.01, 0.1, 0.05, 0.0) -20.0065660838
835 (1.2, -15.0, -20.0, 0.01, 0.1, 0.05) -23.3152193335
836 (1.2, -15.0, -20.0, 0.01, 0.1, 0.0) -23.3123095245
837 (1.2, -15.0, -20.0, 0.01, 0.05, 0.0) -23.309363155
838 (1.2, -15.0, -20.0, 0.1, 0.05, 0.0) -23.3146402928
839 (1.2, -15.0, 0.01, 0.1, 0.05, 0.0) -21.281662737
840 (1.2, -20.0, 0.01, 0.1, 0.05, 0.0) -22.5695704154
841 (-10.0, -15.0, -20.0, 0.01, 0.1, 0.05) -23.1508652728
842 (-10.0, -15.0, -20.0, 0.01, 0.1, 0.0) -23.1468411713
843 (-10.0, -15.0, -20.0, 0.01, 0.05, 0.0) -23.1427771697
844 (-10.0, -15.0, -20.0, 0.1, 0.05, 0.0) -23.1500636389
845 (-10.0, -15.0, 0.01, 0.1, 0.05, 0.0) -21.6354941968
846 (-10.0, -20.0, 0.01, 0.1, 0.05, 0.0) -22.7191652905
847 (-15.0, -20.0, 0.01, 0.1, 0.05, 0.0) -23.2351202809
848 (1.0, 1.1, 1.2, -10.0, -15.0, -20.0, 0.01) -26.8466471781
849 (1.0, 1.1, 1.2, -10.0, -15.0, -20.0, 0.1) -26.8526345793
850 (1.0, 1.1, 1.2, -10.0, -15.0, -20.0, 0.05) -26.8492981561
851 (1.0, 1.1, 1.2, -10.0, -15.0, -20.0, 0.0) -26.8459869598
852 (1.0, 1.1, 1.2, -10.0, -15.0, 0.01, 0.1) -24.9852937006
853 (1.0, 1.1, 1.2, -10.0, -15.0, 0.01, 0.05) -24.982636544
854 (1.0, 1.1, 1.2, -10.0, -15.0, 0.01, 0.0) -24.9800197193
855 (1.0, 1.1, 1.2, -10.0, -15.0, 0.1, 0.05) -24.9873795731
856 (1.0, 1.1, 1.2, -10.0, -15.0, 0.1, 0.0) -24.9847762671
857 (1.0, 1.1, 1.2, -10.0, -15.0, 0.05, 0.0) -24.9821176085
858 (1.0, 1.1, 1.2, -10.0, -20.0, 0.01, 0.1) -26.1932798509
859 (1.0, 1.1, 1.2, -10.0, -20.0, 0.01, 0.05) -26.1907896539
860 (1.0, 1.1, 1.2, -10.0, -20.0, 0.01, 0.0) -26.1883301019
861 (1.0, 1.1, 1.2, -10.0, -20.0, 0.1, 0.05) -26.1952414117
862 (1.0, 1.1, 1.2, -10.0, -20.0, 0.1, 0.0) -26.1927925262
863 (1.0, 1.1, 1.2, -10.0, -20.0, 0.05, 0.0) -26.1903011441
864 (1.0, 1.1, 1.2, -10.0, 0.01, 0.1, 0.05) -22.9359193636
865 (1.0, 1.1, 1.2, -10.0, 0.01, 0.1, 0.0) -22.934643561
866 (1.0, 1.1, 1.2, -10.0, 0.01, 0.05, 0.0) -22.9332824957
867 (1.0, 1.1, 1.2, -10.0, 0.1, 0.05, 0.0) -22.9356710206
868 (1.0, 1.1, 1.2, -15.0, -20.0, 0.01, 0.1) -26.7990634284
869 (1.0, 1.1, 1.2, -15.0, -20.0, 0.01, 0.05) -26.7964872692
870 (1.0, 1.1, 1.2, -15.0, -20.0, 0.01, 0.0) -26.7939376328
871 (1.0, 1.1, 1.2, -15.0, -20.0, 0.1, 0.05) -26.8010974055
872 (1.0, 1.1, 1.2, -15.0, -20.0, 0.1, 0.0) -26.7985575874
873 (1.0, 1.1, 1.2, -15.0, -20.0, 0.05, 0.0) -26.7959803373
874 (1.0, 1.1, 1.2, -15.0, 0.01, 0.1, 0.05) -24.3890185929
875 (1.0, 1.1, 1.2, -15.0, 0.01, 0.1, 0.0) -24.3874120808
876 (1.0, 1.1, 1.2, -15.0, 0.01, 0.05, 0.0) -24.3857435143
877 (1.0, 1.1, 1.2, -15.0, 0.1, 0.05, 0.0) -24.3887022516
878 (1.0, 1.1, 1.2, -20.0, 0.01, 0.1, 0.05) -25.8453533907
879 (1.0, 1.1, 1.2, -20.0, 0.01, 0.1, 0.0) -25.8422440453
880 (1.0, 1.1, 1.2, -20.0, 0.01, 0.05, 0.0) -25.8405325578
881 (1.0, 1.1, 1.2, -20.0, 0.1, 0.05, 0.0) -25.8450257226
882 (1.0, 1.1, 1.2, 0.01, 0.1, 0.05, 0.0) -21.1851276181
883 (1.0, 1.1, -10.0, -15.0, -20.0, 0.01, 0.1) -26.763326971
884 (1.0, 1.1, -10.0, -15.0, -20.0, 0.01, 0.05) -26.759827524
885 (1.0, 1.1, -10.0, -15.0, -20.0, 0.01, 0.0) -26.7563536172
886 (1.0, 1.1, -10.0, -15.0, -20.0, 0.1, 0.05) -26.7660984598
887 (1.0, 1.1, -10.0, -15.0, -20.0, 0.1, 0.0) -26.7626366544
888 (1.0, 1.1, -10.0, -15.0, -20.0, 0.05, 0.0) -26.7591358629
889 (1.0, 1.1, -10.0, -15.0, 0.01, 0.1, 0.05) -24.9099567287
890 (1.0, 1.1, -10.0, -15.0, 0.01, 0.1, 0.0) -24.9071634822
891 (1.0, 1.1, -10.0, -15.0, 0.01, 0.05, 0.0) -24.904313717
892 (1.0, 1.1, -10.0, -15.0, 0.1, 0.05, 0.0) -24.9094025959
893 (1.0, 1.1, -10.0, -20.0, 0.01, 0.1, 0.05) -26.1250999586
894 (1.0, 1.1, -10.0, -20.0, 0.01, 0.1, 0.0) -26.1225020114
895 (1.0, 1.1, -10.0, -20.0, 0.01, 0.05, 0.0) -26.119860751
896 (1.0, 1.1, -10.0, -20.0, 0.1, 0.05, 0.0) -26.1245838306
897 (1.0, 1.1, -10.0, 0.01, 0.1, 0.05, 0.0) -22.881558321
898 (1.0, 1.1, -15.0, -20.0, 0.01, 0.1, 0.05) -26.7302029674
899 (1.0, 1.1, -15.0, -20.0, 0.01, 0.1, 0.0) -26.7275259758
900 (1.0, 1.1, -15.0, -20.0, 0.01, 0.05, 0.0) -26.7248108169
901 (1.0, 1.1, -15.0, -20.0, 0.1, 0.05, 0.0) -26.7296706192
902 (1.0, 1.1, -15.0, 0.01, 0.1, 0.05, 0.0) -24.3317644348
903 (1.0, 1.1, -20.0, 0.01, 0.1, 0.05, 0.0) -25.7913451885
904 (1.0, 1.2, -10.0, -15.0, -20.0, 0.01, 0.1) -26.7716901414
905 (1.0, 1.2, -10.0, -15.0, -20.0, 0.01, 0.05) -26.7682052628
906 (1.0, 1.2, -10.0, -15.0, -20.0, 0.01, 0.0) -26.764745894
907 (1.0, 1.2, -10.0, -15.0, -20.0, 0.1, 0.05) -26.7744500407
908 (1.0, 1.2, -10.0, -15.0, -20.0, 0.1, 0.0) -26.7710027192
909 (1.0, 1.2, -10.0, -15.0, -20.0, 0.05, 0.0) -26.767516502
910 (1.0, 1.2, -10.0, -15.0, 0.01, 0.1, 0.05) -24.9177052621
911 (1.0, 1.2, -10.0, -15.0, 0.01, 0.1, 0.0) -24.9149289648
912 (1.0, 1.2, -10.0, -15.0, 0.01, 0.05, 0.0) -24.9120962643
913 (1.0, 1.2, -10.0, -15.0, 0.1, 0.05, 0.0) -24.9171545099
914 (1.0, 1.2, -10.0, -20.0, 0.01, 0.1, 0.05) -26.1319455998
915 (1.0, 1.2, -10.0, -20.0, 0.01, 0.1, 0.0) -26.1293608813
916 (1.0, 1.2, -10.0, -20.0, 0.01, 0.05, 0.0) -26.1267329286
917 (1.0, 1.2, -10.0, -20.0, 0.1, 0.05, 0.0) -26.1314321113
918 (1.0, 1.2, -10.0, 0.01, 0.1, 0.05, 0.0) -22.8880006934
919 (1.0, 1.2, -15.0, -20.0, 0.01, 0.1, 0.05) -26.7369988878
920 (1.0, 1.2, -15.0, -20.0, 0.01, 0.1, 0.0) -26.7343340645
921 (1.0, 1.2, -15.0, -20.0, 0.01, 0.05, 0.0) -26.7316311437
922 (1.0, 1.2, -15.0, -20.0, 0.1, 0.05, 0.0) -26.7364689677
923 (1.0, 1.2, -15.0, 0.01, 0.1, 0.05, 0.0) -24.337823636
924 (1.0, 1.2, -20.0, 0.01, 0.1, 0.05, 0.0) -25.7967378501
925 (1.0, -10.0, -15.0, -20.0, 0.01, 0.1, 0.05) -26.6815064308
926 (1.0, -10.0, -15.0, -20.0, 0.01, 0.1, 0.0) -26.6778892304
927 (1.0, -10.0, -15.0, -20.0, 0.01, 0.05, 0.0) -26.6742321017
928 (1.0, -10.0, -15.0, -20.0, 0.1, 0.05, 0.0) -26.6807861805
929 (1.0, -10.0, -15.0, 0.01, 0.1, 0.05, 0.0) -24.8352688256
930 (1.0, -10.0, -20.0, 0.01, 0.1, 0.05, 0.0) -26.0580425684
931 (1.0, -15.0, -20.0, 0.01, 0.1, 0.05, 0.0) -26.6623793091
932 (1.1, 1.2, -10.0, -15.0, -20.0, 0.01, 0.1) -26.7798931526
933 (1.1, 1.2, -10.0, -15.0, -20.0, 0.01, 0.05) -26.7764226755
934 (1.1, 1.2, -10.0, -15.0, -20.0, 0.01, 0.0) -26.7729776786
935 (1.1, 1.2, -10.0, -15.0, -20.0, 0.1, 0.05) -26.7826415944
936 (1.1, 1.2, -10.0, -15.0, -20.0, 0.1, 0.0) -26.7792085917
937 (1.1, 1.2, -10.0, -15.0, -20.0, 0.05, 0.0) -26.775736782
938 (1.1, 1.2, -10.0, -15.0, 0.01, 0.1, 0.05) -24.9252223632
939 (1.1, 1.2, -10.0, -15.0, 0.01, 0.1, 0.0) -24.9224628232
940 (1.1, 1.2, -10.0, -15.0, 0.01, 0.05, 0.0) -24.9196469923
941 (1.1, 1.2, -10.0, -15.0, 0.1, 0.05, 0.0) -24.9246749536
942 (1.1, 1.2, -10.0, -20.0, 0.01, 0.1, 0.05) -26.1386142968
943 (1.1, 1.2, -10.0, -20.0, 0.01, 0.1, 0.0) -26.1360426716
944 (1.1, 1.2, -10.0, -20.0, 0.01, 0.05, 0.0) -26.1334278892
945 (1.1, 1.2, -10.0, -20.0, 0.1, 0.05, 0.0) -26.1381034208
946 (1.1, 1.2, -10.0, 0.01, 0.1, 0.05, 0.0) -22.8940912923
947 (1.1, 1.2, -15.0, -20.0, 0.01, 0.1, 0.05) -26.7436388722
948 (1.1, 1.2, -15.0, -20.0, 0.01, 0.1, 0.0) -26.7409860939
949 (1.1, 1.2, -15.0, -20.0, 0.01, 0.05, 0.0) -26.7382952868
950 (1.1, 1.2, -15.0, -20.0, 0.1, 0.05, 0.0) -26.7431113556
951 (1.1, 1.2, -15.0, 0.01, 0.1, 0.05, 0.0) -24.3436266715
952 (1.1, 1.2, -20.0, 0.01, 0.1, 0.05, 0.0) -25.8019445416
953 (1.1, -10.0, -15.0, -20.0, 0.01, 0.1, 0.05) -26.6900642842
954 (1.1, -10.0, -15.0, -20.0, 0.01, 0.1, 0.0) -26.6864621766
955 (1.1, -10.0, -15.0, -20.0, 0.01, 0.05, 0.0) -26.6828202361
956 (1.1, -10.0, -15.0, -20.0, 0.1, 0.05, 0.0) -26.6893470448
957 (1.1, -10.0, -15.0, 0.01, 0.1, 0.05, 0.0) -24.8432208654
958 (1.1, -10.0, -20.0, 0.01, 0.1, 0.05, 0.0) -26.0650469134
959 (1.1, -15.0, -20.0, 0.01, 0.1, 0.05, 0.0) -26.669328181
960 (1.2, -10.0, -15.0, -20.0, 0.01, 0.1, 0.05) -26.6987203797
961 (1.2, -10.0, -15.0, -20.0, 0.01, 0.1, 0.0) -26.6951333995
962 (1.2, -10.0, -15.0, -20.0, 0.01, 0.05, 0.0) -26.6915066825
963 (1.2, -10.0, -15.0, -20.0, 0.1, 0.05, 0.0) -26.6980061581
964 (1.2, -10.0, -15.0, 0.01, 0.1, 0.05, 0.0) -24.8513313542
965 (1.2, -10.0, -20.0, 0.01, 0.1, 0.05, 0.0) -26.0721718294
966 (1.2, -15.0, -20.0, 0.01, 0.1, 0.05, 0.0) -26.6763812863
967 (-10.0, -15.0, -20.0, 0.01, 0.1, 0.05, 0.0) -26.6014606805
968 (1.0, 1.1, 1.2, -10.0, -15.0, -20.0, 0.01, 0.1) -30.2099221396
969 (1.0, 1.1, 1.2, -10.0, -15.0, -20.0, 0.01, 0.05) -30.2067284694
970 (1.0, 1.1, 1.2, -10.0, -15.0, -20.0, 0.01, 0.0) -30.2035615994
971 (1.0, 1.1, 1.2, -10.0, -15.0, -20.0, 0.1, 0.05) -30.2124495109
972 (1.0, 1.1, 1.2, -10.0, -15.0, -20.0, 0.1, 0.0) -30.2092931137
973 (1.0, 1.1, 1.2, -10.0, -15.0, -20.0, 0.05, 0.0) -30.2060982781
974 (1.0, 1.1, 1.2, -10.0, -15.0, 0.01, 0.1, 0.05) -28.03993094
975 (1.0, 1.1, 1.2, -10.0, -15.0, 0.01, 0.1, 0.0) -28.0373931388
976 (1.0, 1.1, 1.2, -10.0, -15.0, 0.01, 0.05, 0.0) -28.0347957692
977 (1.0, 1.1, 1.2, -10.0, -15.0, 0.1, 0.05, 0.0) -28.0394281409
978 (1.0, 1.1, 1.2, -10.0, -20.0, 0.01, 0.1, 0.05) -29.3930861306
979 (1.0, 1.1, 1.2, -10.0, -20.0, 0.01, 0.1, 0.0) -29.3907056187
980 (1.0, 1.1, 1.2, -10.0, -20.0, 0.01, 0.05, 0.0) -29.3882795166
981 (1.0, 1.1, 1.2, -10.0, -20.0, 0.1, 0.05, 0.0) -29.3926136723
982 (1.0, 1.1, 1.2, -10.0, 0.01, 0.1, 0.05, 0.0) -25.7018792939
983 (1.0, 1.1, 1.2, -15.0, -20.0, 0.01, 0.1, 0.05) -30.0830930415
984 (1.0, 1.1, 1.2, -15.0, -20.0, 0.01, 0.1, 0.0) -30.0806175624
985 (1.0, 1.1, 1.2, -15.0, -20.0, 0.01, 0.05, 0.0) -30.0781020101
986 (1.0, 1.1, 1.2, -15.0, -20.0, 0.1, 0.05, 0.0) -30.0826011487
987 (1.0, 1.1, 1.2, -15.0, 0.01, 0.1, 0.05, 0.0) -27.3288697599
988 (1.0, 1.1, 1.2, -20.0, 0.01, 0.1, 0.05, 0.0) -28.9579104636
989 (1.0, 1.1, -10.0, -15.0, -20.0, 0.01, 0.1, 0.05) -30.1262129437
990 (1.0, 1.1, -10.0, -15.0, -20.0, 0.01, 0.1, 0.0) -30.1229097115
991 (1.0, 1.1, -10.0, -15.0, -20.0, 0.01, 0.05, 0.0) -30.1195658554
992 (1.0, 1.1, -10.0, -15.0, -20.0, 0.1, 0.05, 0.0) -30.1255555433
993 (1.0, 1.1, -10.0, -15.0, 0.01, 0.1, 0.05, 0.0) -27.9623720061
994 (1.0, 1.1, -10.0, -20.0, 0.01, 0.1, 0.05, 0.0) -29.3232235576
995 (1.0, 1.1, -15.0, -20.0, 0.01, 0.1, 0.05, 0.0) -30.014063372
996 (1.0, 1.2, -10.0, -15.0, -20.0, 0.01, 0.1, 0.05) -30.1343528153
997 (1.0, 1.2, -10.0, -15.0, -20.0, 0.01, 0.1, 0.0) -30.131062673
998 (1.0, 1.2, -10.0, -15.0, -20.0, 0.01, 0.05, 0.0) -30.1277319872
999 (1.0, 1.2, -10.0, -15.0, -20.0, 0.1, 0.05, 0.0) -30.1336980265
1000 (1.0, 1.2, -10.0, -15.0, 0.01, 0.1, 0.05, 0.0) -27.9701803973
1001 (1.0, 1.2, -10.0, -20.0, 0.01, 0.1, 0.05, 0.0) -29.3300724384
1002 (1.0, 1.2, -15.0, -20.0, 0.01, 0.1, 0.05, 0.0) -30.0208145473
1003 (1.0, -10.0, -15.0, -20.0, 0.01, 0.1, 0.05, 0.0) -30.0440256532
1004 (1.1, 1.2, -10.0, -15.0, -20.0, 0.01, 0.1, 0.05) -30.142326391
1005 (1.1, 1.2, -10.0, -15.0, -20.0, 0.01, 0.1, 0.0) -30.1390491949
1006 (1.1, 1.2, -10.0, -15.0, -20.0, 0.01, 0.05, 0.0) -30.135731534
1007 (1.1, 1.2, -10.0, -15.0, -20.0, 0.1, 0.05, 0.0) -30.1416741852
1008 (1.1, 1.2, -10.0, -15.0, 0.01, 0.1, 0.05, 0.0) -27.9777408258
1009 (1.1, 1.2, -10.0, -20.0, 0.01, 0.1, 0.05, 0.0) -29.3367322913
1010 (1.1, 1.2, -15.0, -20.0, 0.01, 0.1, 0.05, 0.0) -30.0274001119
1011 (1.1, -10.0, -15.0, -20.0, 0.01, 0.1, 0.05, 0.0) -30.0523326481
1012 (1.2, -10.0, -15.0, -20.0, 0.01, 0.1, 0.05, 0.0) -30.0607501517
1013 (1.0, 1.1, 1.2, -10.0, -15.0, -20.0, 0.01, 0.1, 0.05) -33.5010939022
1014 (1.0, 1.1, 1.2, -10.0, -15.0, -20.0, 0.01, 0.1, 0.0) -33.4980490919
1015 (1.0, 1.1, 1.2, -10.0, -15.0, -20.0, 0.01, 0.05, 0.0) -33.4949625375
1016 (1.0, 1.1, 1.2, -10.0, -15.0, -20.0, 0.1, 0.05, 0.0) -33.5004882764
1017 (1.0, 1.1, 1.2, -10.0, -15.0, 0.01, 0.1, 0.05, 0.0) -31.028172441
1018 (1.0, 1.1, 1.2, -10.0, -20.0, 0.01, 0.1, 0.05, 0.0) -32.5260244767
1019 (1.0, 1.1, 1.2, -15.0, -20.0, 0.01, 0.1, 0.05, 0.0) -33.30202414
1020 (1.0, 1.1, -10.0, -15.0, -20.0, 0.01, 0.1, 0.05, 0.0) -33.4163456779
1021 (1.0, 1.2, -10.0, -15.0, -20.0, 0.01, 0.1, 0.05, 0.0) -33.4243508183
1022 (1.1, 1.2, -10.0, -15.0, -20.0, 0.01, 0.1, 0.05, 0.0) -33.4321822651
1023 (1.0, 1.1, 1.2, -10.0, -15.0, -20.0, 0.01, 0.1, 0.05, 0.0) -36.7290985535
