0 [[1.0, 1.1, 1.2, -10.0, -15.0, -20.0, 0.01, 0.1, 0.05, 0.0]] -3.56912420411 -40.2982227576
1 [[1.0], [1.1, 1.2, -10.0, -15.0, -20.0, 0.01, 0.1, 0.05, 0.0]] -5.22402449062 -42.3488315301
2 [[1.0, 1.1], [1.2, -10.0, -15.0, -20.0, 0.01, 0.1, 0.05, 0.0]] -7.3034660323 -44.3639559247
3 [[1.0], [1.1], [1.2, -10.0, -15.0, -20.0, 0.01, 0.1, 0.05, 0.0]] -6.76114174147 -44.2079267725
4 [[1.0, 1.1, 1.2], [-10.0, -15.0, -20.0, 0.01, 0.1, 0.05, 0.0]] -8.55622900079 -45.2422919308
5 [[1.0], [1.1, 1.2], [-10.0, -15.0, -20.0, 0.01, 0.1, 0.05, 0.0]] -8.70705189053 -46.0023378126
6 [[1.0, 1.1], [1.2], [-10.0, -15.0, -20.0, 0.01, 0.1, 0.05, 0.0]] -8.70705189053 -46.0025220691
7 [[1.0], [1.1], [1.2], [-10.0, -15.0, -20.0, 0.01, 0.1, 0.05, 0.0]] -8.1647275997 -45.846492917
8 [[1.0, 1.1, 1.2, -10.0], [-15.0, -20.0, 0.01, 0.1, 0.05, 0.0]] -9.24937618135 -46.644797734
9 [[1.0], [1.1, 1.2, -10.0], [-15.0, -20.0, 0.01, 0.1, 0.05, 0.0]] -9.8056641792 -47.7165546567
10 [[1.0, 1.1], [1.2, -10.0], [-15.0, -20.0, 0.01, 0.1, 0.05, 0.0]] -10.4988113598 -48.3674846313
11 [[1.0], [1.1], [1.2, -10.0], [-15.0, -20.0, 0.01, 0.1, 0.05, 0.0]] -9.95648706893 -48.2114554792
12 [[1.0, 1.1, 1.2], [-10.0], [-15.0, -20.0, 0.01, 0.1, 0.05, 0.0]] -9.8056641792 -47.1489814907
13 [[1.0], [1.1, 1.2], [-10.0], [-15.0, -20.0, 0.01, 0.1, 0.05, 0.0]] -9.95648706893 -47.9090273725
14 [[1.0, 1.1], [1.2], [-10.0], [-15.0, -20.0, 0.01, 0.1, 0.05, 0.0]] -9.95648706893 -47.909211629
15 [[1.0], [1.1], [1.2], [-10.0], [-15.0, -20.0, 0.01, 0.1, 0.05, 0.0]] -9.41416277811 -47.7531824769
16 [[1.0, 1.1, 1.2, -10.0, -15.0], [-20.0, 0.01, 0.1, 0.05, 0.0]] -9.47251973267 -47.3570401715
17 [[1.0], [1.1, 1.2, -10.0, -15.0], [-20.0, 0.01, 0.1, 0.05, 0.0]] -10.316489803 -48.5076585758
18 [[1.0, 1.1], [1.2, -10.0, -15.0], [-20.0, 0.01, 0.1, 0.05, 0.0]] -11.4151020916 -49.3665684245
19 [[1.0], [1.1], [1.2, -10.0, -15.0], [-20.0, 0.01, 0.1, 0.05, 0.0]] -10.8727778008 -49.2105392724
20 [[1.0, 1.1, 1.2], [-10.0, -15.0], [-20.0, 0.01, 0.1, 0.05, 0.0]] -11.4151020916 -48.653602435
21 [[1.0], [1.1, 1.2], [-10.0, -15.0], [-20.0, 0.01, 0.1, 0.05, 0.0]] -11.5659249814 -49.4136483167
22 [[1.0, 1.1], [1.2], [-10.0, -15.0], [-20.0, 0.01, 0.1, 0.05, 0.0]] -11.5659249814 -49.4138325733
23 [[1.0], [1.1], [1.2], [-10.0, -15.0], [-20.0, 0.01, 0.1, 0.05, 0.0]] -11.0236006905 -49.2578034211
24 [[1.0, 1.1, 1.2, -10.0], [-15.0], [-20.0, 0.01, 0.1, 0.05, 0.0]] -10.316489803 -48.077581221
25 [[1.0], [1.1, 1.2, -10.0], [-15.0], [-20.0, 0.01, 0.1, 0.05, 0.0]] -10.8727778008 -49.1493381438
26 [[1.0, 1.1], [1.2, -10.0], [-15.0], [-20.0, 0.01, 0.1, 0.05, 0.0]] -11.5659249814 -49.8002681183
27 [[1.0], [1.1], [1.2, -10.0], [-15.0], [-20.0, 0.01, 0.1, 0.05, 0.0]] -11.0236006905 -49.6442389662
28 [[1.0, 1.1, 1.2], [-10.0], [-15.0], [-20.0, 0.01, 0.1, 0.05, 0.0]] -10.8727778008 -48.5817649777
29 [[1.0], [1.1, 1.2], [-10.0], [-15.0], [-20.0, 0.01, 0.1, 0.05, 0.0]] -11.0236006905 -49.3418108595
30 [[1.0, 1.1], [1.2], [-10.0], [-15.0], [-20.0, 0.01, 0.1, 0.05, 0.0]] -11.0236006905 -49.341995116
31 [[1.0], [1.1], [1.2], [-10.0], [-15.0], [-20.0, 0.01, 0.1, 0.05, 0.0]] -10.4812763997 -49.1859659639
32 [[1.0, 1.1, 1.2, -10.0, -15.0, -20.0], [0.01, 0.1, 0.05, 0.0]] -9.24937618135 -45.6552314763
33 [[1.0], [1.1, 1.2, -10.0, -15.0, -20.0], [0.01, 0.1, 0.05, 0.0]] -10.316489803 -46.7927511496
34 [[1.0, 1.1], [1.2, -10.0, -15.0, -20.0], [0.01, 0.1, 0.05, 0.0]] -11.7027841641 -47.6926907954
35 [[1.0], [1.1], [1.2, -10.0, -15.0, -20.0], [0.01, 0.1, 0.05, 0.0]] -11.1604598733 -47.5366616433
36 [[1.0, 1.1, 1.2], [-10.0, -15.0, -20.0], [0.01, 0.1, 0.05, 0.0]] -12.1082492722 -47.1110573668
37 [[1.0], [1.1, 1.2], [-10.0, -15.0, -20.0], [0.01, 0.1, 0.05, 0.0]] -12.2590721619 -47.8711032486
38 [[1.0, 1.1], [1.2], [-10.0, -15.0, -20.0], [0.01, 0.1, 0.05, 0.0]] -12.2590721619 -47.8712875051
39 [[1.0], [1.1], [1.2], [-10.0, -15.0, -20.0], [0.01, 0.1, 0.05, 0.0]] -11.7167478711 -47.715258353
40 [[1.0, 1.1, 1.2, -10.0], [-15.0, -20.0], [0.01, 0.1, 0.05, 0.0]] -11.7027841641 -47.3211552381
41 [[1.0], [1.1, 1.2, -10.0], [-15.0, -20.0], [0.01, 0.1, 0.05, 0.0]] -12.2590721619 -48.3929121608
42 [[1.0, 1.1], [1.2, -10.0], [-15.0, -20.0], [0.01, 0.1, 0.05, 0.0]] -12.9522193425 -49.0438421354
43 [[1.0], [1.1], [1.2, -10.0], [-15.0, -20.0], [0.01, 0.1, 0.05, 0.0]] -12.4098950517 -48.8878129833
44 [[1.0, 1.1, 1.2], [-10.0], [-15.0, -20.0], [0.01, 0.1, 0.05, 0.0]] -12.2590721619 -47.8253389948
45 [[1.0], [1.1, 1.2], [-10.0], [-15.0, -20.0], [0.01, 0.1, 0.05, 0.0]] -12.4098950517 -48.5853848766
46 [[1.0, 1.1], [1.2], [-10.0], [-15.0, -20.0], [0.01, 0.1, 0.05, 0.0]] -12.4098950517 -48.5855691331
47 [[1.0], [1.1], [1.2], [-10.0], [-15.0, -20.0], [0.01, 0.1, 0.05, 0.0]] -11.8675707608 -48.429539981
48 [[1.0, 1.1, 1.2, -10.0, -15.0], [-20.0], [0.01, 0.1, 0.05, 0.0]] -10.316489803 -46.6849084838
49 [[1.0], [1.1, 1.2, -10.0, -15.0], [-20.0], [0.01, 0.1, 0.05, 0.0]] -11.1604598733 -47.8355268881
50 [[1.0, 1.1], [1.2, -10.0, -15.0], [-20.0], [0.01, 0.1, 0.05, 0.0]] -12.2590721619 -48.6944367368
51 [[1.0], [1.1], [1.2, -10.0, -15.0], [-20.0], [0.01, 0.1, 0.05, 0.0]] -11.7167478711 -48.5384075846
52 [[1.0, 1.1, 1.2], [-10.0, -15.0], [-20.0], [0.01, 0.1, 0.05, 0.0]] -12.2590721619 -47.9814707472
53 [[1.0], [1.1, 1.2], [-10.0, -15.0], [-20.0], [0.01, 0.1, 0.05, 0.0]] -12.4098950517 -48.741516629
54 [[1.0, 1.1], [1.2], [-10.0, -15.0], [-20.0], [0.01, 0.1, 0.05, 0.0]] -12.4098950517 -48.7417008855
55 [[1.0], [1.1], [1.2], [-10.0, -15.0], [-20.0], [0.01, 0.1, 0.05, 0.0]] -11.8675707608 -48.5856717334
56 [[1.0, 1.1, 1.2, -10.0], [-15.0], [-20.0], [0.01, 0.1, 0.05, 0.0]] -11.1604598733 -47.4054495333
57 [[1.0], [1.1, 1.2, -10.0], [-15.0], [-20.0], [0.01, 0.1, 0.05, 0.0]] -11.7167478711 -48.477206456
58 [[1.0, 1.1], [1.2, -10.0], [-15.0], [-20.0], [0.01, 0.1, 0.05, 0.0]] -12.4098950517 -49.1281364306
59 [[1.0], [1.1], [1.2, -10.0], [-15.0], [-20.0], [0.01, 0.1, 0.05, 0.0]] -11.8675707608 -48.9721072785
60 [[1.0, 1.1, 1.2], [-10.0], [-15.0], [-20.0], [0.01, 0.1, 0.05, 0.0]] -11.7167478711 -47.90963329
61 [[1.0], [1.1, 1.2], [-10.0], [-15.0], [-20.0], [0.01, 0.1, 0.05, 0.0]] -11.8675707608 -48.6696791718
62 [[1.0, 1.1], [1.2], [-10.0], [-15.0], [-20.0], [0.01, 0.1, 0.05, 0.0]] -11.8675707608 -48.6698634283
63 [[1.0], [1.1], [1.2], [-10.0], [-15.0], [-20.0], [0.01, 0.1, 0.05, 0.0]] -11.32524647 -48.5138342762
64 [[1.0, 1.1, 1.2, -10.0, -15.0, -20.0, 0.01], [0.1, 0.05, 0.0]] -8.55622900079 -45.4759947089
65 [[1.0], [1.1, 1.2, -10.0, -15.0, -20.0, 0.01], [0.1, 0.05, 0.0]] -9.8056641792 -46.9028697228
66 [[1.0, 1.1], [1.2, -10.0, -15.0, -20.0, 0.01], [0.1, 0.05, 0.0]] -11.4151020916 -48.1780128683
67 [[1.0], [1.1], [1.2, -10.0, -15.0, -20.0, 0.01], [0.1, 0.05, 0.0]] -10.8727778008 -48.0219837162
68 [[1.0, 1.1, 1.2], [-10.0, -15.0, -20.0, 0.01], [0.1, 0.05, 0.0]] -12.1082492722 -48.1311655536
69 [[1.0], [1.1, 1.2], [-10.0, -15.0, -20.0, 0.01], [0.1, 0.05, 0.0]] -12.2590721619 -48.8912114354
70 [[1.0, 1.1], [1.2], [-10.0, -15.0, -20.0, 0.01], [0.1, 0.05, 0.0]] -12.2590721619 -48.8913956919
71 [[1.0], [1.1], [1.2], [-10.0, -15.0, -20.0, 0.01], [0.1, 0.05, 0.0]] -11.7167478711 -48.7353665398
72 [[1.0, 1.1, 1.2, -10.0], [-15.0, -20.0, 0.01], [0.1, 0.05, 0.0]] -12.1082492722 -48.798310718
73 [[1.0], [1.1, 1.2, -10.0], [-15.0, -20.0, 0.01], [0.1, 0.05, 0.0]] -12.66453727 -49.8700676407
74 [[1.0, 1.1], [1.2, -10.0], [-15.0, -20.0, 0.01], [0.1, 0.05, 0.0]] -13.3576844506 -50.5209976153
75 [[1.0], [1.1], [1.2, -10.0], [-15.0, -20.0, 0.01], [0.1, 0.05, 0.0]] -12.8153601598 -50.3649684632
76 [[1.0, 1.1, 1.2], [-10.0], [-15.0, -20.0, 0.01], [0.1, 0.05, 0.0]] -12.66453727 -49.3024944747
77 [[1.0], [1.1, 1.2], [-10.0], [-15.0, -20.0, 0.01], [0.1, 0.05, 0.0]] -12.8153601598 -50.0625403565
78 [[1.0, 1.1], [1.2], [-10.0], [-15.0, -20.0, 0.01], [0.1, 0.05, 0.0]] -12.8153601598 -50.062724613
79 [[1.0], [1.1], [1.2], [-10.0], [-15.0, -20.0, 0.01], [0.1, 0.05, 0.0]] -12.2730358689 -49.9066954609
80 [[1.0, 1.1, 1.2, -10.0, -15.0], [-20.0, 0.01], [0.1, 0.05, 0.0]] -11.4151020916 -48.8177817722
81 [[1.0], [1.1, 1.2, -10.0, -15.0], [-20.0, 0.01], [0.1, 0.05, 0.0]] -12.2590721619 -49.9684001765
82 [[1.0, 1.1], [1.2, -10.0, -15.0], [-20.0, 0.01], [0.1, 0.05, 0.0]] -13.3576844506 -50.8273100252
83 [[1.0], [1.1], [1.2, -10.0, -15.0], [-20.0, 0.01], [0.1, 0.05, 0.0]] -12.8153601598 -50.6712808731
84 [[1.0, 1.1, 1.2], [-10.0, -15.0], [-20.0, 0.01], [0.1, 0.05, 0.0]] -13.3576844506 -50.1143440356
85 [[1.0], [1.1, 1.2], [-10.0, -15.0], [-20.0, 0.01], [0.1, 0.05, 0.0]] -13.5085073403 -50.8743899174
86 [[1.0, 1.1], [1.2], [-10.0, -15.0], [-20.0, 0.01], [0.1, 0.05, 0.0]] -13.5085073403 -50.8745741739
87 [[1.0], [1.1], [1.2], [-10.0, -15.0], [-20.0, 0.01], [0.1, 0.05, 0.0]] -12.9661830495 -50.7185450218
88 [[1.0, 1.1, 1.2, -10.0], [-15.0], [-20.0, 0.01], [0.1, 0.05, 0.0]] -12.2590721619 -49.5383228217
89 [[1.0], [1.1, 1.2, -10.0], [-15.0], [-20.0, 0.01], [0.1, 0.05, 0.0]] -12.8153601598 -50.6100797444
90 [[1.0, 1.1], [1.2, -10.0], [-15.0], [-20.0, 0.01], [0.1, 0.05, 0.0]] -13.5085073403 -51.261009719
91 [[1.0], [1.1], [1.2, -10.0], [-15.0], [-20.0, 0.01], [0.1, 0.05, 0.0]] -12.9661830495 -51.1049805669
92 [[1.0, 1.1, 1.2], [-10.0], [-15.0], [-20.0, 0.01], [0.1, 0.05, 0.0]] -12.8153601598 -50.0425065784
93 [[1.0], [1.1, 1.2], [-10.0], [-15.0], [-20.0, 0.01], [0.1, 0.05, 0.0]] -12.9661830495 -50.8025524602
94 [[1.0, 1.1], [1.2], [-10.0], [-15.0], [-20.0, 0.01], [0.1, 0.05, 0.0]] -12.9661830495 -50.8027367167
95 [[1.0], [1.1], [1.2], [-10.0], [-15.0], [-20.0, 0.01], [0.1, 0.05, 0.0]] -12.4238587587 -50.6467075646
96 [[1.0, 1.1, 1.2, -10.0, -15.0, -20.0], [0.01], [0.1, 0.05, 0.0]] -9.8056641792 -46.9757397779
97 [[1.0], [1.1, 1.2, -10.0, -15.0, -20.0], [0.01], [0.1, 0.05, 0.0]] -10.8727778008 -48.1132594512
98 [[1.0, 1.1], [1.2, -10.0, -15.0, -20.0], [0.01], [0.1, 0.05, 0.0]] -12.2590721619 -49.0131990971
99 [[1.0], [1.1], [1.2, -10.0, -15.0, -20.0], [0.01], [0.1, 0.05, 0.0]] -11.7167478711 -48.8571699449
100 [[1.0, 1.1, 1.2], [-10.0, -15.0, -20.0], [0.01], [0.1, 0.05, 0.0]] -12.66453727 -48.4315656684
101 [[1.0], [1.1, 1.2], [-10.0, -15.0, -20.0], [0.01], [0.1, 0.05, 0.0]] -12.8153601598 -49.1916115502
102 [[1.0, 1.1], [1.2], [-10.0, -15.0, -20.0], [0.01], [0.1, 0.05, 0.0]] -12.8153601598 -49.1917958067
103 [[1.0], [1.1], [1.2], [-10.0, -15.0, -20.0], [0.01], [0.1, 0.05, 0.0]] -12.2730358689 -49.0357666546
104 [[1.0, 1.1, 1.2, -10.0], [-15.0, -20.0], [0.01], [0.1, 0.05, 0.0]] -12.2590721619 -48.6416635397
105 [[1.0], [1.1, 1.2, -10.0], [-15.0, -20.0], [0.01], [0.1, 0.05, 0.0]] -12.8153601598 -49.7134204624
106 [[1.0, 1.1], [1.2, -10.0], [-15.0, -20.0], [0.01], [0.1, 0.05, 0.0]] -13.5085073403 -50.364350437
107 [[1.0], [1.1], [1.2, -10.0], [-15.0, -20.0], [0.01], [0.1, 0.05, 0.0]] -12.9661830495 -50.2083212849
108 [[1.0, 1.1, 1.2], [-10.0], [-15.0, -20.0], [0.01], [0.1, 0.05, 0.0]] -12.8153601598 -49.1458472964
109 [[1.0], [1.1, 1.2], [-10.0], [-15.0, -20.0], [0.01], [0.1, 0.05, 0.0]] -12.9661830495 -49.9058931782
110 [[1.0, 1.1], [1.2], [-10.0], [-15.0, -20.0], [0.01], [0.1, 0.05, 0.0]] -12.9661830495 -49.9060774347
111 [[1.0], [1.1], [1.2], [-10.0], [-15.0, -20.0], [0.01], [0.1, 0.05, 0.0]] -12.4238587587 -49.7500482826
112 [[1.0, 1.1, 1.2, -10.0, -15.0], [-20.0], [0.01], [0.1, 0.05, 0.0]] -10.8727778008 -48.0054167854
113 [[1.0], [1.1, 1.2, -10.0, -15.0], [-20.0], [0.01], [0.1, 0.05, 0.0]] -11.7167478711 -49.1560351897
114 [[1.0, 1.1], [1.2, -10.0, -15.0], [-20.0], [0.01], [0.1, 0.05, 0.0]] -12.8153601598 -50.0149450384
115 [[1.0], [1.1], [1.2, -10.0, -15.0], [-20.0], [0.01], [0.1, 0.05, 0.0]] -12.2730358689 -49.8589158863
116 [[1.0, 1.1, 1.2], [-10.0, -15.0], [-20.0], [0.01], [0.1, 0.05, 0.0]] -12.8153601598 -49.3019790488
117 [[1.0], [1.1, 1.2], [-10.0, -15.0], [-20.0], [0.01], [0.1, 0.05, 0.0]] -12.9661830495 -50.0620249306
118 [[1.0, 1.1], [1.2], [-10.0, -15.0], [-20.0], [0.01], [0.1, 0.05, 0.0]] -12.9661830495 -50.0622091871
119 [[1.0], [1.1], [1.2], [-10.0, -15.0], [-20.0], [0.01], [0.1, 0.05, 0.0]] -12.4238587587 -49.906180035
120 [[1.0, 1.1, 1.2, -10.0], [-15.0], [-20.0], [0.01], [0.1, 0.05, 0.0]] -11.7167478711 -48.7259578349
121 [[1.0], [1.1, 1.2, -10.0], [-15.0], [-20.0], [0.01], [0.1, 0.05, 0.0]] -12.2730358689 -49.7977147576
122 [[1.0, 1.1], [1.2, -10.0], [-15.0], [-20.0], [0.01], [0.1, 0.05, 0.0]] -12.9661830495 -50.4486447322
123 [[1.0], [1.1], [1.2, -10.0], [-15.0], [-20.0], [0.01], [0.1, 0.05, 0.0]] -12.4238587587 -50.2926155801
124 [[1.0, 1.1, 1.2], [-10.0], [-15.0], [-20.0], [0.01], [0.1, 0.05, 0.0]] -12.2730358689 -49.2301415916
125 [[1.0], [1.1, 1.2], [-10.0], [-15.0], [-20.0], [0.01], [0.1, 0.05, 0.0]] -12.4238587587 -49.9901874734
126 [[1.0, 1.1], [1.2], [-10.0], [-15.0], [-20.0], [0.01], [0.1, 0.05, 0.0]] -12.4238587587 -49.9903717299
127 [[1.0], [1.1], [1.2], [-10.0], [-15.0], [-20.0], [0.01], [0.1, 0.05, 0.0]] -11.8815344679 -49.8343425778
128 [[1.0, 1.1, 1.2, -10.0, -15.0, -20.0, 0.01, 0.1], [0.05, 0.0]] -7.3034660323 -44.5057582356
129 [[1.0], [1.1, 1.2, -10.0, -15.0, -20.0, 0.01, 0.1], [0.05, 0.0]] -8.70705189053 -46.1719398812
130 [[1.0, 1.1], [1.2, -10.0, -15.0, -20.0, 0.01, 0.1], [0.05, 0.0]] -10.4988113598 -47.740513437
131 [[1.0], [1.1], [1.2, -10.0, -15.0, -20.0, 0.01, 0.1], [0.05, 0.0]] -9.95648706893 -47.5844842849
132 [[1.0, 1.1, 1.2], [-10.0, -15.0, -20.0, 0.01, 0.1], [0.05, 0.0]] -11.4151020916 -48.0791584637
133 [[1.0], [1.1, 1.2], [-10.0, -15.0, -20.0, 0.01, 0.1], [0.05, 0.0]] -11.5659249814 -48.8392043455
134 [[1.0, 1.1], [1.2], [-10.0, -15.0, -20.0, 0.01, 0.1], [0.05, 0.0]] -11.5659249814 -48.839388602
135 [[1.0], [1.1], [1.2], [-10.0, -15.0, -20.0, 0.01, 0.1], [0.05, 0.0]] -11.0236006905 -48.6833594499
136 [[1.0, 1.1, 1.2, -10.0], [-15.0, -20.0, 0.01, 0.1], [0.05, 0.0]] -11.7027841641 -49.0550079276
137 [[1.0], [1.1, 1.2, -10.0], [-15.0, -20.0, 0.01, 0.1], [0.05, 0.0]] -12.2590721619 -50.1267648504
138 [[1.0, 1.1], [1.2, -10.0], [-15.0, -20.0, 0.01, 0.1], [0.05, 0.0]] -12.9522193425 -50.777694825
139 [[1.0], [1.1], [1.2, -10.0], [-15.0, -20.0, 0.01, 0.1], [0.05, 0.0]] -12.4098950517 -50.6216656728
140 [[1.0, 1.1, 1.2], [-10.0], [-15.0, -20.0, 0.01, 0.1], [0.05, 0.0]] -12.2590721619 -49.5591916844
141 [[1.0], [1.1, 1.2], [-10.0], [-15.0, -20.0, 0.01, 0.1], [0.05, 0.0]] -12.4098950517 -50.3192375661
142 [[1.0, 1.1], [1.2], [-10.0], [-15.0, -20.0, 0.01, 0.1], [0.05, 0.0]] -12.4098950517 -50.3194218227
143 [[1.0], [1.1], [1.2], [-10.0], [-15.0, -20.0, 0.01, 0.1], [0.05, 0.0]] -11.8675707608 -50.1633926705
144 [[1.0, 1.1, 1.2, -10.0, -15.0], [-20.0, 0.01, 0.1], [0.05, 0.0]] -11.4151020916 -49.4188049527
145 [[1.0], [1.1, 1.2, -10.0, -15.0], [-20.0, 0.01, 0.1], [0.05, 0.0]] -12.2590721619 -50.569423357
146 [[1.0, 1.1], [1.2, -10.0, -15.0], [-20.0, 0.01, 0.1], [0.05, 0.0]] -13.3576844506 -51.4283332057
147 [[1.0], [1.1], [1.2, -10.0, -15.0], [-20.0, 0.01, 0.1], [0.05, 0.0]] -12.8153601598 -51.2723040536
148 [[1.0, 1.1, 1.2], [-10.0, -15.0], [-20.0, 0.01, 0.1], [0.05, 0.0]] -13.3576844506 -50.7153672162
149 [[1.0], [1.1, 1.2], [-10.0, -15.0], [-20.0, 0.01, 0.1], [0.05, 0.0]] -13.5085073403 -51.4754130979
150 [[1.0, 1.1], [1.2], [-10.0, -15.0], [-20.0, 0.01, 0.1], [0.05, 0.0]] -13.5085073403 -51.4755973544
151 [[1.0], [1.1], [1.2], [-10.0, -15.0], [-20.0, 0.01, 0.1], [0.05, 0.0]] -12.9661830495 -51.3195682023
152 [[1.0, 1.1, 1.2, -10.0], [-15.0], [-20.0, 0.01, 0.1], [0.05, 0.0]] -12.2590721619 -50.1393460022
153 [[1.0], [1.1, 1.2, -10.0], [-15.0], [-20.0, 0.01, 0.1], [0.05, 0.0]] -12.8153601598 -51.211102925
154 [[1.0, 1.1], [1.2, -10.0], [-15.0], [-20.0, 0.01, 0.1], [0.05, 0.0]] -13.5085073403 -51.8620328995
155 [[1.0], [1.1], [1.2, -10.0], [-15.0], [-20.0, 0.01, 0.1], [0.05, 0.0]] -12.9661830495 -51.7060037474
156 [[1.0, 1.1, 1.2], [-10.0], [-15.0], [-20.0, 0.01, 0.1], [0.05, 0.0]] -12.8153601598 -50.6435297589
157 [[1.0], [1.1, 1.2], [-10.0], [-15.0], [-20.0, 0.01, 0.1], [0.05, 0.0]] -12.9661830495 -51.4035756407
158 [[1.0, 1.1], [1.2], [-10.0], [-15.0], [-20.0, 0.01, 0.1], [0.05, 0.0]] -12.9661830495 -51.4037598972
159 [[1.0], [1.1], [1.2], [-10.0], [-15.0], [-20.0, 0.01, 0.1], [0.05, 0.0]] -12.4238587587 -51.2477307451
160 [[1.0, 1.1, 1.2, -10.0, -15.0, -20.0], [0.01, 0.1], [0.05, 0.0]] -10.4988113598 -47.8916727258
161 [[1.0], [1.1, 1.2, -10.0, -15.0, -20.0], [0.01, 0.1], [0.05, 0.0]] -11.5659249814 -49.029192399
162 [[1.0, 1.1], [1.2, -10.0, -15.0, -20.0], [0.01, 0.1], [0.05, 0.0]] -12.9522193425 -49.9291320449
163 [[1.0], [1.1], [1.2, -10.0, -15.0, -20.0], [0.01, 0.1], [0.05, 0.0]] -12.4098950517 -49.7731028927
164 [[1.0, 1.1, 1.2], [-10.0, -15.0, -20.0], [0.01, 0.1], [0.05, 0.0]] -13.3576844506 -49.3474986162
165 [[1.0], [1.1, 1.2], [-10.0, -15.0, -20.0], [0.01, 0.1], [0.05, 0.0]] -13.5085073403 -50.107544498
166 [[1.0, 1.1], [1.2], [-10.0, -15.0, -20.0], [0.01, 0.1], [0.05, 0.0]] -13.5085073403 -50.1077287545
167 [[1.0], [1.1], [1.2], [-10.0, -15.0, -20.0], [0.01, 0.1], [0.05, 0.0]] -12.9661830495 -49.9516996024
168 [[1.0, 1.1, 1.2, -10.0], [-15.0, -20.0], [0.01, 0.1], [0.05, 0.0]] -12.9522193425 -49.5575964875
169 [[1.0], [1.1, 1.2, -10.0], [-15.0, -20.0], [0.01, 0.1], [0.05, 0.0]] -13.5085073403 -50.6293534103
170 [[1.0, 1.1], [1.2, -10.0], [-15.0, -20.0], [0.01, 0.1], [0.05, 0.0]] -14.2016545209 -51.2802833848
171 [[1.0], [1.1], [1.2, -10.0], [-15.0, -20.0], [0.01, 0.1], [0.05, 0.0]] -13.6593302301 -51.1242542327
172 [[1.0, 1.1, 1.2], [-10.0], [-15.0, -20.0], [0.01, 0.1], [0.05, 0.0]] -13.5085073403 -50.0617802442
173 [[1.0], [1.1, 1.2], [-10.0], [-15.0, -20.0], [0.01, 0.1], [0.05, 0.0]] -13.6593302301 -50.821826126
174 [[1.0, 1.1], [1.2], [-10.0], [-15.0, -20.0], [0.01, 0.1], [0.05, 0.0]] -13.6593302301 -50.8220103825
175 [[1.0], [1.1], [1.2], [-10.0], [-15.0, -20.0], [0.01, 0.1], [0.05, 0.0]] -13.1170059392 -50.6659812304
176 [[1.0, 1.1, 1.2, -10.0, -15.0], [-20.0], [0.01, 0.1], [0.05, 0.0]] -11.5659249814 -48.9213497332
177 [[1.0], [1.1, 1.2, -10.0, -15.0], [-20.0], [0.01, 0.1], [0.05, 0.0]] -12.4098950517 -50.0719681375
178 [[1.0, 1.1], [1.2, -10.0, -15.0], [-20.0], [0.01, 0.1], [0.05, 0.0]] -13.5085073403 -50.9308779862
179 [[1.0], [1.1], [1.2, -10.0, -15.0], [-20.0], [0.01, 0.1], [0.05, 0.0]] -12.9661830495 -50.7748488341
180 [[1.0, 1.1, 1.2], [-10.0, -15.0], [-20.0], [0.01, 0.1], [0.05, 0.0]] -13.5085073403 -50.2179119966
181 [[1.0], [1.1, 1.2], [-10.0, -15.0], [-20.0], [0.01, 0.1], [0.05, 0.0]] -13.6593302301 -50.9779578784
182 [[1.0, 1.1], [1.2], [-10.0, -15.0], [-20.0], [0.01, 0.1], [0.05, 0.0]] -13.6593302301 -50.9781421349
183 [[1.0], [1.1], [1.2], [-10.0, -15.0], [-20.0], [0.01, 0.1], [0.05, 0.0]] -13.1170059392 -50.8221129828
184 [[1.0, 1.1, 1.2, -10.0], [-15.0], [-20.0], [0.01, 0.1], [0.05, 0.0]] -12.4098950517 -49.6418907827
185 [[1.0], [1.1, 1.2, -10.0], [-15.0], [-20.0], [0.01, 0.1], [0.05, 0.0]] -12.9661830495 -50.7136477054
186 [[1.0, 1.1], [1.2, -10.0], [-15.0], [-20.0], [0.01, 0.1], [0.05, 0.0]] -13.6593302301 -51.36457768
187 [[1.0], [1.1], [1.2, -10.0], [-15.0], [-20.0], [0.01, 0.1], [0.05, 0.0]] -13.1170059392 -51.2085485279
188 [[1.0, 1.1, 1.2], [-10.0], [-15.0], [-20.0], [0.01, 0.1], [0.05, 0.0]] -12.9661830495 -50.1460745394
189 [[1.0], [1.1, 1.2], [-10.0], [-15.0], [-20.0], [0.01, 0.1], [0.05, 0.0]] -13.1170059392 -50.9061204212
190 [[1.0, 1.1], [1.2], [-10.0], [-15.0], [-20.0], [0.01, 0.1], [0.05, 0.0]] -13.1170059392 -50.9063046777
191 [[1.0], [1.1], [1.2], [-10.0], [-15.0], [-20.0], [0.01, 0.1], [0.05, 0.0]] -12.5746816484 -50.7502755256
192 [[1.0, 1.1, 1.2, -10.0, -15.0, -20.0, 0.01], [0.1], [0.05, 0.0]] -8.70705189053 -46.2349860859
193 [[1.0], [1.1, 1.2, -10.0, -15.0, -20.0, 0.01], [0.1], [0.05, 0.0]] -9.95648706893 -47.6618610998
194 [[1.0, 1.1], [1.2, -10.0, -15.0, -20.0, 0.01], [0.1], [0.05, 0.0]] -11.5659249814 -48.9370042453
195 [[1.0], [1.1], [1.2, -10.0, -15.0, -20.0, 0.01], [0.1], [0.05, 0.0]] -11.0236006905 -48.7809750932
196 [[1.0, 1.1, 1.2], [-10.0, -15.0, -20.0, 0.01], [0.1], [0.05, 0.0]] -12.2590721619 -48.8901569306
197 [[1.0], [1.1, 1.2], [-10.0, -15.0, -20.0, 0.01], [0.1], [0.05, 0.0]] -12.4098950517 -49.6502028124
198 [[1.0, 1.1], [1.2], [-10.0, -15.0, -20.0, 0.01], [0.1], [0.05, 0.0]] -12.4098950517 -49.6503870689
199 [[1.0], [1.1], [1.2], [-10.0, -15.0, -20.0, 0.01], [0.1], [0.05, 0.0]] -11.8675707608 -49.4943579168
200 [[1.0, 1.1, 1.2, -10.0], [-15.0, -20.0, 0.01], [0.1], [0.05, 0.0]] -12.2590721619 -49.557302095
201 [[1.0], [1.1, 1.2, -10.0], [-15.0, -20.0, 0.01], [0.1], [0.05, 0.0]] -12.8153601598 -50.6290590178
202 [[1.0, 1.1], [1.2, -10.0], [-15.0, -20.0, 0.01], [0.1], [0.05, 0.0]] -13.5085073403 -51.2799889923
203 [[1.0], [1.1], [1.2, -10.0], [-15.0, -20.0, 0.01], [0.1], [0.05, 0.0]] -12.9661830495 -51.1239598402
204 [[1.0, 1.1, 1.2], [-10.0], [-15.0, -20.0, 0.01], [0.1], [0.05, 0.0]] -12.8153601598 -50.0614858517
205 [[1.0], [1.1, 1.2], [-10.0], [-15.0, -20.0, 0.01], [0.1], [0.05, 0.0]] -12.9661830495 -50.8215317335
206 [[1.0, 1.1], [1.2], [-10.0], [-15.0, -20.0, 0.01], [0.1], [0.05, 0.0]] -12.9661830495 -50.82171599
207 [[1.0], [1.1], [1.2], [-10.0], [-15.0, -20.0, 0.01], [0.1], [0.05, 0.0]] -12.4238587587 -50.6656868379
208 [[1.0, 1.1, 1.2, -10.0, -15.0], [-20.0, 0.01], [0.1], [0.05, 0.0]] -11.5659249814 -49.5767731492
209 [[1.0], [1.1, 1.2, -10.0, -15.0], [-20.0, 0.01], [0.1], [0.05, 0.0]] -12.4098950517 -50.7273915535
210 [[1.0, 1.1], [1.2, -10.0, -15.0], [-20.0, 0.01], [0.1], [0.05, 0.0]] -13.5085073403 -51.5863014022
211 [[1.0], [1.1], [1.2, -10.0, -15.0], [-20.0, 0.01], [0.1], [0.05, 0.0]] -12.9661830495 -51.4302722501
212 [[1.0, 1.1, 1.2], [-10.0, -15.0], [-20.0, 0.01], [0.1], [0.05, 0.0]] -13.5085073403 -50.8733354127
213 [[1.0], [1.1, 1.2], [-10.0, -15.0], [-20.0, 0.01], [0.1], [0.05, 0.0]] -13.6593302301 -51.6333812944
214 [[1.0, 1.1], [1.2], [-10.0, -15.0], [-20.0, 0.01], [0.1], [0.05, 0.0]] -13.6593302301 -51.6335655509
215 [[1.0], [1.1], [1.2], [-10.0, -15.0], [-20.0, 0.01], [0.1], [0.05, 0.0]] -13.1170059392 -51.4775363988
216 [[1.0, 1.1, 1.2, -10.0], [-15.0], [-20.0, 0.01], [0.1], [0.05, 0.0]] -12.4098950517 -50.2973141987
217 [[1.0], [1.1, 1.2, -10.0], [-15.0], [-20.0, 0.01], [0.1], [0.05, 0.0]] -12.9661830495 -51.3690711215
218 [[1.0, 1.1], [1.2, -10.0], [-15.0], [-20.0, 0.01], [0.1], [0.05, 0.0]] -13.6593302301 -52.020001096
219 [[1.0], [1.1], [1.2, -10.0], [-15.0], [-20.0, 0.01], [0.1], [0.05, 0.0]] -13.1170059392 -51.8639719439
220 [[1.0, 1.1, 1.2], [-10.0], [-15.0], [-20.0, 0.01], [0.1], [0.05, 0.0]] -12.9661830495 -50.8014979554
221 [[1.0], [1.1, 1.2], [-10.0], [-15.0], [-20.0, 0.01], [0.1], [0.05, 0.0]] -13.1170059392 -51.5615438372
222 [[1.0, 1.1], [1.2], [-10.0], [-15.0], [-20.0, 0.01], [0.1], [0.05, 0.0]] -13.1170059392 -51.5617280937
223 [[1.0], [1.1], [1.2], [-10.0], [-15.0], [-20.0, 0.01], [0.1], [0.05, 0.0]] -12.5746816484 -51.4056989416
224 [[1.0, 1.1, 1.2, -10.0, -15.0, -20.0], [0.01], [0.1], [0.05, 0.0]] -9.95648706893 -47.734731155
225 [[1.0], [1.1, 1.2, -10.0, -15.0, -20.0], [0.01], [0.1], [0.05, 0.0]] -11.0236006905 -48.8722508282
226 [[1.0, 1.1], [1.2, -10.0, -15.0, -20.0], [0.01], [0.1], [0.05, 0.0]] -12.4098950517 -49.7721904741
227 [[1.0], [1.1], [1.2, -10.0, -15.0, -20.0], [0.01], [0.1], [0.05, 0.0]] -11.8675707608 -49.6161613219
228 [[1.0, 1.1, 1.2], [-10.0, -15.0, -20.0], [0.01], [0.1], [0.05, 0.0]] -12.8153601598 -49.1905570454
229 [[1.0], [1.1, 1.2], [-10.0, -15.0, -20.0], [0.01], [0.1], [0.05, 0.0]] -12.9661830495 -49.9506029272
230 [[1.0, 1.1], [1.2], [-10.0, -15.0, -20.0], [0.01], [0.1], [0.05, 0.0]] -12.9661830495 -49.9507871837
231 [[1.0], [1.1], [1.2], [-10.0, -15.0, -20.0], [0.01], [0.1], [0.05, 0.0]] -12.4238587587 -49.7947580316
232 [[1.0, 1.1, 1.2, -10.0], [-15.0, -20.0], [0.01], [0.1], [0.05, 0.0]] -12.4098950517 -49.4006549167
233 [[1.0], [1.1, 1.2, -10.0], [-15.0, -20.0], [0.01], [0.1], [0.05, 0.0]] -12.9661830495 -50.4724118395
234 [[1.0, 1.1], [1.2, -10.0], [-15.0, -20.0], [0.01], [0.1], [0.05, 0.0]] -13.6593302301 -51.123341814
235 [[1.0], [1.1], [1.2, -10.0], [-15.0, -20.0], [0.01], [0.1], [0.05, 0.0]] -13.1170059392 -50.9673126619
236 [[1.0, 1.1, 1.2], [-10.0], [-15.0, -20.0], [0.01], [0.1], [0.05, 0.0]] -12.9661830495 -49.9048386734
237 [[1.0], [1.1, 1.2], [-10.0], [-15.0, -20.0], [0.01], [0.1], [0.05, 0.0]] -13.1170059392 -50.6648845552
238 [[1.0, 1.1], [1.2], [-10.0], [-15.0, -20.0], [0.01], [0.1], [0.05, 0.0]] -13.1170059392 -50.6650688117
239 [[1.0], [1.1], [1.2], [-10.0], [-15.0, -20.0], [0.01], [0.1], [0.05, 0.0]] -12.5746816484 -50.5090396596
240 [[1.0, 1.1, 1.2, -10.0, -15.0], [-20.0], [0.01], [0.1], [0.05, 0.0]] -11.0236006905 -48.7644081624
241 [[1.0], [1.1, 1.2, -10.0, -15.0], [-20.0], [0.01], [0.1], [0.05, 0.0]] -11.8675707608 -49.9150265667
242 [[1.0, 1.1], [1.2, -10.0, -15.0], [-20.0], [0.01], [0.1], [0.05, 0.0]] -12.9661830495 -50.7739364154
243 [[1.0], [1.1], [1.2, -10.0, -15.0], [-20.0], [0.01], [0.1], [0.05, 0.0]] -12.4238587587 -50.6179072633
244 [[1.0, 1.1, 1.2], [-10.0, -15.0], [-20.0], [0.01], [0.1], [0.05, 0.0]] -12.9661830495 -50.0609704258
245 [[1.0], [1.1, 1.2], [-10.0, -15.0], [-20.0], [0.01], [0.1], [0.05, 0.0]] -13.1170059392 -50.8210163076
246 [[1.0, 1.1], [1.2], [-10.0, -15.0], [-20.0], [0.01], [0.1], [0.05, 0.0]] -13.1170059392 -50.8212005641
247 [[1.0], [1.1], [1.2], [-10.0, -15.0], [-20.0], [0.01], [0.1], [0.05, 0.0]] -12.5746816484 -50.665171412
248 [[1.0, 1.1, 1.2, -10.0], [-15.0], [-20.0], [0.01], [0.1], [0.05, 0.0]] -11.8675707608 -49.4849492119
249 [[1.0], [1.1, 1.2, -10.0], [-15.0], [-20.0], [0.01], [0.1], [0.05, 0.0]] -12.4238587587 -50.5567061346
250 [[1.0, 1.1], [1.2, -10.0], [-15.0], [-20.0], [0.01], [0.1], [0.05, 0.0]] -13.1170059392 -51.2076361092
251 [[1.0], [1.1], [1.2, -10.0], [-15.0], [-20.0], [0.01], [0.1], [0.05, 0.0]] -12.5746816484 -51.0516069571
252 [[1.0, 1.1, 1.2], [-10.0], [-15.0], [-20.0], [0.01], [0.1], [0.05, 0.0]] -12.4238587587 -49.9891329686
253 [[1.0], [1.1, 1.2], [-10.0], [-15.0], [-20.0], [0.01], [0.1], [0.05, 0.0]] -12.5746816484 -50.7491788504
254 [[1.0, 1.1], [1.2], [-10.0], [-15.0], [-20.0], [0.01], [0.1], [0.05, 0.0]] -12.5746816484 -50.7493631069
255 [[1.0], [1.1], [1.2], [-10.0], [-15.0], [-20.0], [0.01], [0.1], [0.05, 0.0]] -12.0323573576 -50.5933339548
256 [[1.0, 1.1, 1.2, -10.0, -15.0, -20.0, 0.01, 0.1, 0.05], [0.0]] -5.22402449062 -42.413997847
257 [[1.0], [1.1, 1.2, -10.0, -15.0, -20.0, 0.01, 0.1, 0.05], [0.0]] -6.76114174147 -44.284972361
258 [[1.0, 1.1], [1.2, -10.0, -15.0, -20.0, 0.01, 0.1, 0.05], [0.0]] -8.70705189053 -46.0943914651
259 [[1.0], [1.1], [1.2, -10.0, -15.0, -20.0, 0.01, 0.1, 0.05], [0.0]] -8.1647275997 -45.9383623129
260 [[1.0, 1.1, 1.2], [-10.0, -15.0, -20.0, 0.01, 0.1, 0.05], [0.0]] -9.8056641792 -46.7300111556
261 [[1.0], [1.1, 1.2], [-10.0, -15.0, -20.0, 0.01, 0.1, 0.05], [0.0]] -9.95648706893 -47.4900570374
262 [[1.0, 1.1], [1.2], [-10.0, -15.0, -20.0, 0.01, 0.1, 0.05], [0.0]] -9.95648706893 -47.4902412939
263 [[1.0], [1.1], [1.2], [-10.0, -15.0, -20.0, 0.01, 0.1, 0.05], [0.0]] -9.41416277811 -47.3342121418
264 [[1.0, 1.1, 1.2, -10.0], [-15.0, -20.0, 0.01, 0.1, 0.05], [0.0]] -10.316489803 -47.9442590132
265 [[1.0], [1.1, 1.2, -10.0], [-15.0, -20.0, 0.01, 0.1, 0.05], [0.0]] -10.8727778008 -49.016015936
266 [[1.0, 1.1], [1.2, -10.0], [-15.0, -20.0, 0.01, 0.1, 0.05], [0.0]] -11.5659249814 -49.6669459105
267 [[1.0], [1.1], [1.2, -10.0], [-15.0, -20.0, 0.01, 0.1, 0.05], [0.0]] -11.0236006905 -49.5109167584
268 [[1.0, 1.1, 1.2], [-10.0], [-15.0, -20.0, 0.01, 0.1, 0.05], [0.0]] -10.8727778008 -48.44844277
269 [[1.0], [1.1, 1.2], [-10.0], [-15.0, -20.0, 0.01, 0.1, 0.05], [0.0]] -11.0236006905 -49.2084886517
270 [[1.0, 1.1], [1.2], [-10.0], [-15.0, -20.0, 0.01, 0.1, 0.05], [0.0]] -11.0236006905 -49.2086729083
271 [[1.0], [1.1], [1.2], [-10.0], [-15.0, -20.0, 0.01, 0.1, 0.05], [0.0]] -10.4812763997 -49.0526437561
272 [[1.0, 1.1, 1.2, -10.0, -15.0], [-20.0, 0.01, 0.1, 0.05], [0.0]] -10.316489803 -48.5189836235
273 [[1.0], [1.1, 1.2, -10.0, -15.0], [-20.0, 0.01, 0.1, 0.05], [0.0]] -11.1604598733 -49.6696020278
274 [[1.0, 1.1], [1.2, -10.0, -15.0], [-20.0, 0.01, 0.1, 0.05], [0.0]] -12.2590721619 -50.5285118765
275 [[1.0], [1.1], [1.2, -10.0, -15.0], [-20.0, 0.01, 0.1, 0.05], [0.0]] -11.7167478711 -50.3724827243
276 [[1.0, 1.1, 1.2], [-10.0, -15.0], [-20.0, 0.01, 0.1, 0.05], [0.0]] -12.2590721619 -49.8155458869
277 [[1.0], [1.1, 1.2], [-10.0, -15.0], [-20.0, 0.01, 0.1, 0.05], [0.0]] -12.4098950517 -50.5755917687
278 [[1.0, 1.1], [1.2], [-10.0, -15.0], [-20.0, 0.01, 0.1, 0.05], [0.0]] -12.4098950517 -50.5757760252
279 [[1.0], [1.1], [1.2], [-10.0, -15.0], [-20.0, 0.01, 0.1, 0.05], [0.0]] -11.8675707608 -50.4197468731
280 [[1.0, 1.1, 1.2, -10.0], [-15.0], [-20.0, 0.01, 0.1, 0.05], [0.0]] -11.1604598733 -49.239524673
281 [[1.0], [1.1, 1.2, -10.0], [-15.0], [-20.0, 0.01, 0.1, 0.05], [0.0]] -11.7167478711 -50.3112815957
282 [[1.0, 1.1], [1.2, -10.0], [-15.0], [-20.0, 0.01, 0.1, 0.05], [0.0]] -12.4098950517 -50.9622115703
283 [[1.0], [1.1], [1.2, -10.0], [-15.0], [-20.0, 0.01, 0.1, 0.05], [0.0]] -11.8675707608 -50.8061824182
284 [[1.0, 1.1, 1.2], [-10.0], [-15.0], [-20.0, 0.01, 0.1, 0.05], [0.0]] -11.7167478711 -49.7437084297
285 [[1.0], [1.1, 1.2], [-10.0], [-15.0], [-20.0, 0.01, 0.1, 0.05], [0.0]] -11.8675707608 -50.5037543115
286 [[1.0, 1.1], [1.2], [-10.0], [-15.0], [-20.0, 0.01, 0.1, 0.05], [0.0]] -11.8675707608 -50.503938568
287 [[1.0], [1.1], [1.2], [-10.0], [-15.0], [-20.0, 0.01, 0.1, 0.05], [0.0]] -11.32524647 -50.3479094159
288 [[1.0, 1.1, 1.2, -10.0, -15.0, -20.0], [0.01, 0.1, 0.05], [0.0]] -9.8056641792 -46.9757309658
289 [[1.0], [1.1, 1.2, -10.0, -15.0, -20.0], [0.01, 0.1, 0.05], [0.0]] -10.8727778008 -48.1132506391
290 [[1.0, 1.1], [1.2, -10.0, -15.0, -20.0], [0.01, 0.1, 0.05], [0.0]] -12.2590721619 -49.0131902849
291 [[1.0], [1.1], [1.2, -10.0, -15.0, -20.0], [0.01, 0.1, 0.05], [0.0]] -11.7167478711 -48.8571611328
292 [[1.0, 1.1, 1.2], [-10.0, -15.0, -20.0], [0.01, 0.1, 0.05], [0.0]] -12.66453727 -48.4315568563
293 [[1.0], [1.1, 1.2], [-10.0, -15.0, -20.0], [0.01, 0.1, 0.05], [0.0]] -12.8153601598 -49.191602738
294 [[1.0, 1.1], [1.2], [-10.0, -15.0, -20.0], [0.01, 0.1, 0.05], [0.0]] -12.8153601598 -49.1917869946
295 [[1.0], [1.1], [1.2], [-10.0, -15.0, -20.0], [0.01, 0.1, 0.05], [0.0]] -12.2730358689 -49.0357578424
296 [[1.0, 1.1, 1.2, -10.0], [-15.0, -20.0], [0.01, 0.1, 0.05], [0.0]] -12.2590721619 -48.6416547276
297 [[1.0], [1.1, 1.2, -10.0], [-15.0, -20.0], [0.01, 0.1, 0.05], [0.0]] -12.8153601598 -49.7134116503
298 [[1.0, 1.1], [1.2, -10.0], [-15.0, -20.0], [0.01, 0.1, 0.05], [0.0]] -13.5085073403 -50.3643416249
299 [[1.0], [1.1], [1.2, -10.0], [-15.0, -20.0], [0.01, 0.1, 0.05], [0.0]] -12.9661830495 -50.2083124728
300 [[1.0, 1.1, 1.2], [-10.0], [-15.0, -20.0], [0.01, 0.1, 0.05], [0.0]] -12.8153601598 -49.1458384843
301 [[1.0], [1.1, 1.2], [-10.0], [-15.0, -20.0], [0.01, 0.1, 0.05], [0.0]] -12.9661830495 -49.9058843661
302 [[1.0, 1.1], [1.2], [-10.0], [-15.0, -20.0], [0.01, 0.1, 0.05], [0.0]] -12.9661830495 -49.9060686226
303 [[1.0], [1.1], [1.2], [-10.0], [-15.0, -20.0], [0.01, 0.1, 0.05], [0.0]] -12.4238587587 -49.7500394705
304 [[1.0, 1.1, 1.2, -10.0, -15.0], [-20.0], [0.01, 0.1, 0.05], [0.0]] -10.8727778008 -48.0054079732
305 [[1.0], [1.1, 1.2, -10.0, -15.0], [-20.0], [0.01, 0.1, 0.05], [0.0]] -11.7167478711 -49.1560263775
306 [[1.0, 1.1], [1.2, -10.0, -15.0], [-20.0], [0.01, 0.1, 0.05], [0.0]] -12.8153601598 -50.0149362262
307 [[1.0], [1.1], [1.2, -10.0, -15.0], [-20.0], [0.01, 0.1, 0.05], [0.0]] -12.2730358689 -49.8589070741
308 [[1.0, 1.1, 1.2], [-10.0, -15.0], [-20.0], [0.01, 0.1, 0.05], [0.0]] -12.8153601598 -49.3019702367
309 [[1.0], [1.1, 1.2], [-10.0, -15.0], [-20.0], [0.01, 0.1, 0.05], [0.0]] -12.9661830495 -50.0620161184
310 [[1.0, 1.1], [1.2], [-10.0, -15.0], [-20.0], [0.01, 0.1, 0.05], [0.0]] -12.9661830495 -50.062200375
311 [[1.0], [1.1], [1.2], [-10.0, -15.0], [-20.0], [0.01, 0.1, 0.05], [0.0]] -12.4238587587 -49.9061712229
312 [[1.0, 1.1, 1.2, -10.0], [-15.0], [-20.0], [0.01, 0.1, 0.05], [0.0]] -11.7167478711 -48.7259490227
313 [[1.0], [1.1, 1.2, -10.0], [-15.0], [-20.0], [0.01, 0.1, 0.05], [0.0]] -12.2730358689 -49.7977059455
314 [[1.0, 1.1], [1.2, -10.0], [-15.0], [-20.0], [0.01, 0.1, 0.05], [0.0]] -12.9661830495 -50.4486359201
315 [[1.0], [1.1], [1.2, -10.0], [-15.0], [-20.0], [0.01, 0.1, 0.05], [0.0]] -12.4238587587 -50.2926067679
316 [[1.0, 1.1, 1.2], [-10.0], [-15.0], [-20.0], [0.01, 0.1, 0.05], [0.0]] -12.2730358689 -49.2301327795
317 [[1.0], [1.1, 1.2], [-10.0], [-15.0], [-20.0], [0.01, 0.1, 0.05], [0.0]] -12.4238587587 -49.9901786612
318 [[1.0, 1.1], [1.2], [-10.0], [-15.0], [-20.0], [0.01, 0.1, 0.05], [0.0]] -12.4238587587 -49.9903629178
319 [[1.0], [1.1], [1.2], [-10.0], [-15.0], [-20.0], [0.01, 0.1, 0.05], [0.0]] -11.8815344679 -49.8343337656
320 [[1.0, 1.1, 1.2, -10.0, -15.0, -20.0, 0.01], [0.1, 0.05], [0.0]] -8.70705189053 -46.2349819192
321 [[1.0], [1.1, 1.2, -10.0, -15.0, -20.0, 0.01], [0.1, 0.05], [0.0]] -9.95648706893 -47.6618569331
322 [[1.0, 1.1], [1.2, -10.0, -15.0, -20.0, 0.01], [0.1, 0.05], [0.0]] -11.5659249814 -48.9370000785
323 [[1.0], [1.1], [1.2, -10.0, -15.0, -20.0, 0.01], [0.1, 0.05], [0.0]] -11.0236006905 -48.7809709264
324 [[1.0, 1.1, 1.2], [-10.0, -15.0, -20.0, 0.01], [0.1, 0.05], [0.0]] -12.2590721619 -48.8901527639
325 [[1.0], [1.1, 1.2], [-10.0, -15.0, -20.0, 0.01], [0.1, 0.05], [0.0]] -12.4098950517 -49.6501986456
326 [[1.0, 1.1], [1.2], [-10.0, -15.0, -20.0, 0.01], [0.1, 0.05], [0.0]] -12.4098950517 -49.6503829022
327 [[1.0], [1.1], [1.2], [-10.0, -15.0, -20.0, 0.01], [0.1, 0.05], [0.0]] -11.8675707608 -49.49435375
328 [[1.0, 1.1, 1.2, -10.0], [-15.0, -20.0, 0.01], [0.1, 0.05], [0.0]] -12.2590721619 -49.5572979283
329 [[1.0], [1.1, 1.2, -10.0], [-15.0, -20.0, 0.01], [0.1, 0.05], [0.0]] -12.8153601598 -50.629054851
330 [[1.0, 1.1], [1.2, -10.0], [-15.0, -20.0, 0.01], [0.1, 0.05], [0.0]] -13.5085073403 -51.2799848256
331 [[1.0], [1.1], [1.2, -10.0], [-15.0, -20.0, 0.01], [0.1, 0.05], [0.0]] -12.9661830495 -51.1239556735
332 [[1.0, 1.1, 1.2], [-10.0], [-15.0, -20.0, 0.01], [0.1, 0.05], [0.0]] -12.8153601598 -50.061481685
333 [[1.0], [1.1, 1.2], [-10.0], [-15.0, -20.0, 0.01], [0.1, 0.05], [0.0]] -12.9661830495 -50.8215275668
334 [[1.0, 1.1], [1.2], [-10.0], [-15.0, -20.0, 0.01], [0.1, 0.05], [0.0]] -12.9661830495 -50.8217118233
335 [[1.0], [1.1], [1.2], [-10.0], [-15.0, -20.0, 0.01], [0.1, 0.05], [0.0]] -12.4238587587 -50.6656826712
336 [[1.0, 1.1, 1.2, -10.0, -15.0], [-20.0, 0.01], [0.1, 0.05], [0.0]] -11.5659249814 -49.5767689824
337 [[1.0], [1.1, 1.2, -10.0, -15.0], [-20.0, 0.01], [0.1, 0.05], [0.0]] -12.4098950517 -50.7273873868
338 [[1.0, 1.1], [1.2, -10.0, -15.0], [-20.0, 0.01], [0.1, 0.05], [0.0]] -13.5085073403 -51.5862972354
339 [[1.0], [1.1], [1.2, -10.0, -15.0], [-20.0, 0.01], [0.1, 0.05], [0.0]] -12.9661830495 -51.4302680833
340 [[1.0, 1.1, 1.2], [-10.0, -15.0], [-20.0, 0.01], [0.1, 0.05], [0.0]] -13.5085073403 -50.8733312459
341 [[1.0], [1.1, 1.2], [-10.0, -15.0], [-20.0, 0.01], [0.1, 0.05], [0.0]] -13.6593302301 -51.6333771277
342 [[1.0, 1.1], [1.2], [-10.0, -15.0], [-20.0, 0.01], [0.1, 0.05], [0.0]] -13.6593302301 -51.6335613842
343 [[1.0], [1.1], [1.2], [-10.0, -15.0], [-20.0, 0.01], [0.1, 0.05], [0.0]] -13.1170059392 -51.4775322321
344 [[1.0, 1.1, 1.2, -10.0], [-15.0], [-20.0, 0.01], [0.1, 0.05], [0.0]] -12.4098950517 -50.297310032
345 [[1.0], [1.1, 1.2, -10.0], [-15.0], [-20.0, 0.01], [0.1, 0.05], [0.0]] -12.9661830495 -51.3690669547
346 [[1.0, 1.1], [1.2, -10.0], [-15.0], [-20.0, 0.01], [0.1, 0.05], [0.0]] -13.6593302301 -52.0199969293
347 [[1.0], [1.1], [1.2, -10.0], [-15.0], [-20.0, 0.01], [0.1, 0.05], [0.0]] -13.1170059392 -51.8639677772
348 [[1.0, 1.1, 1.2], [-10.0], [-15.0], [-20.0, 0.01], [0.1, 0.05], [0.0]] -12.9661830495 -50.8014937887
349 [[1.0], [1.1, 1.2], [-10.0], [-15.0], [-20.0, 0.01], [0.1, 0.05], [0.0]] -13.1170059392 -51.5615396705
350 [[1.0, 1.1], [1.2], [-10.0], [-15.0], [-20.0, 0.01], [0.1, 0.05], [0.0]] -13.1170059392 -51.561723927
351 [[1.0], [1.1], [1.2], [-10.0], [-15.0], [-20.0, 0.01], [0.1, 0.05], [0.0]] -12.5746816484 -51.4056947749
352 [[1.0, 1.1, 1.2, -10.0, -15.0, -20.0], [0.01], [0.1, 0.05], [0.0]] -9.95648706893 -47.7347269882
353 [[1.0], [1.1, 1.2, -10.0, -15.0, -20.0], [0.01], [0.1, 0.05], [0.0]] -11.0236006905 -48.8722466615
354 [[1.0, 1.1], [1.2, -10.0, -15.0, -20.0], [0.01], [0.1, 0.05], [0.0]] -12.4098950517 -49.7721863073
355 [[1.0], [1.1], [1.2, -10.0, -15.0, -20.0], [0.01], [0.1, 0.05], [0.0]] -11.8675707608 -49.6161571552
356 [[1.0, 1.1, 1.2], [-10.0, -15.0, -20.0], [0.01], [0.1, 0.05], [0.0]] -12.8153601598 -49.1905528787
357 [[1.0], [1.1, 1.2], [-10.0, -15.0, -20.0], [0.01], [0.1, 0.05], [0.0]] -12.9661830495 -49.9505987604
358 [[1.0, 1.1], [1.2], [-10.0, -15.0, -20.0], [0.01], [0.1, 0.05], [0.0]] -12.9661830495 -49.950783017
359 [[1.0], [1.1], [1.2], [-10.0, -15.0, -20.0], [0.01], [0.1, 0.05], [0.0]] -12.4238587587 -49.7947538649
360 [[1.0, 1.1, 1.2, -10.0], [-15.0, -20.0], [0.01], [0.1, 0.05], [0.0]] -12.4098950517 -49.40065075
361 [[1.0], [1.1, 1.2, -10.0], [-15.0, -20.0], [0.01], [0.1, 0.05], [0.0]] -12.9661830495 -50.4724076727
362 [[1.0, 1.1], [1.2, -10.0], [-15.0, -20.0], [0.01], [0.1, 0.05], [0.0]] -13.6593302301 -51.1233376473
363 [[1.0], [1.1], [1.2, -10.0], [-15.0, -20.0], [0.01], [0.1, 0.05], [0.0]] -13.1170059392 -50.9673084952
364 [[1.0, 1.1, 1.2], [-10.0], [-15.0, -20.0], [0.01], [0.1, 0.05], [0.0]] -12.9661830495 -49.9048345067
365 [[1.0], [1.1, 1.2], [-10.0], [-15.0, -20.0], [0.01], [0.1, 0.05], [0.0]] -13.1170059392 -50.6648803885
366 [[1.0, 1.1], [1.2], [-10.0], [-15.0, -20.0], [0.01], [0.1, 0.05], [0.0]] -13.1170059392 -50.665064645
367 [[1.0], [1.1], [1.2], [-10.0], [-15.0, -20.0], [0.01], [0.1, 0.05], [0.0]] -12.5746816484 -50.5090354929
368 [[1.0, 1.1, 1.2, -10.0, -15.0], [-20.0], [0.01], [0.1, 0.05], [0.0]] -11.0236006905 -48.7644039956
369 [[1.0], [1.1, 1.2, -10.0, -15.0], [-20.0], [0.01], [0.1, 0.05], [0.0]] -11.8675707608 -49.9150223999
370 [[1.0, 1.1], [1.2, -10.0, -15.0], [-20.0], [0.01], [0.1, 0.05], [0.0]] -12.9661830495 -50.7739322486
371 [[1.0], [1.1], [1.2, -10.0, -15.0], [-20.0], [0.01], [0.1, 0.05], [0.0]] -12.4238587587 -50.6179030965
372 [[1.0, 1.1, 1.2], [-10.0, -15.0], [-20.0], [0.01], [0.1, 0.05], [0.0]] -12.9661830495 -50.0609662591
373 [[1.0], [1.1, 1.2], [-10.0, -15.0], [-20.0], [0.01], [0.1, 0.05], [0.0]] -13.1170059392 -50.8210121409
374 [[1.0, 1.1], [1.2], [-10.0, -15.0], [-20.0], [0.01], [0.1, 0.05], [0.0]] -13.1170059392 -50.8211963974
375 [[1.0], [1.1], [1.2], [-10.0, -15.0], [-20.0], [0.01], [0.1, 0.05], [0.0]] -12.5746816484 -50.6651672453
376 [[1.0, 1.1, 1.2, -10.0], [-15.0], [-20.0], [0.01], [0.1, 0.05], [0.0]] -11.8675707608 -49.4849450451
377 [[1.0], [1.1, 1.2, -10.0], [-15.0], [-20.0], [0.01], [0.1, 0.05], [0.0]] -12.4238587587 -50.5567019679
378 [[1.0, 1.1], [1.2, -10.0], [-15.0], [-20.0], [0.01], [0.1, 0.05], [0.0]] -13.1170059392 -51.2076319425
379 [[1.0], [1.1], [1.2, -10.0], [-15.0], [-20.0], [0.01], [0.1, 0.05], [0.0]] -12.5746816484 -51.0516027903
380 [[1.0, 1.1, 1.2], [-10.0], [-15.0], [-20.0], [0.01], [0.1, 0.05], [0.0]] -12.4238587587 -49.9891288019
381 [[1.0], [1.1, 1.2], [-10.0], [-15.0], [-20.0], [0.01], [0.1, 0.05], [0.0]] -12.5746816484 -50.7491746836
382 [[1.0, 1.1], [1.2], [-10.0], [-15.0], [-20.0], [0.01], [0.1, 0.05], [0.0]] -12.5746816484 -50.7493589402
383 [[1.0], [1.1], [1.2], [-10.0], [-15.0], [-20.0], [0.01], [0.1, 0.05], [0.0]] -12.0323573576 -50.593329788
384 [[1.0, 1.1, 1.2, -10.0, -15.0, -20.0, 0.01, 0.1], [0.05], [0.0]] -6.76114174147 -44.3488321643
385 [[1.0], [1.1, 1.2, -10.0, -15.0, -20.0, 0.01, 0.1], [0.05], [0.0]] -8.1647275997 -46.0150138099
386 [[1.0, 1.1], [1.2, -10.0, -15.0, -20.0, 0.01, 0.1], [0.05], [0.0]] -9.95648706893 -47.5835873658
387 [[1.0], [1.1], [1.2, -10.0, -15.0, -20.0, 0.01, 0.1], [0.05], [0.0]] -9.41416277811 -47.4275582137
388 [[1.0, 1.1, 1.2], [-10.0, -15.0, -20.0, 0.01, 0.1], [0.05], [0.0]] -10.8727778008 -47.9222323925
389 [[1.0], [1.1, 1.2], [-10.0, -15.0, -20.0, 0.01, 0.1], [0.05], [0.0]] -11.0236006905 -48.6822782743
390 [[1.0, 1.1], [1.2], [-10.0, -15.0, -20.0, 0.01, 0.1], [0.05], [0.0]] -11.0236006905 -48.6824625308
391 [[1.0], [1.1], [1.2], [-10.0, -15.0, -20.0, 0.01, 0.1], [0.05], [0.0]] -10.4812763997 -48.5264333787
392 [[1.0, 1.1, 1.2, -10.0], [-15.0, -20.0, 0.01, 0.1], [0.05], [0.0]] -11.1604598733 -48.8980818564
393 [[1.0], [1.1, 1.2, -10.0], [-15.0, -20.0, 0.01, 0.1], [0.05], [0.0]] -11.7167478711 -49.9698387792
394 [[1.0, 1.1], [1.2, -10.0], [-15.0, -20.0, 0.01, 0.1], [0.05], [0.0]] -12.4098950517 -50.6207687537
395 [[1.0], [1.1], [1.2, -10.0], [-15.0, -20.0, 0.01, 0.1], [0.05], [0.0]] -11.8675707608 -50.4647396016
396 [[1.0, 1.1, 1.2], [-10.0], [-15.0, -20.0, 0.01, 0.1], [0.05], [0.0]] -11.7167478711 -49.4022656132
397 [[1.0], [1.1, 1.2], [-10.0], [-15.0, -20.0, 0.01, 0.1], [0.05], [0.0]] -11.8675707608 -50.1623114949
398 [[1.0, 1.1], [1.2], [-10.0], [-15.0, -20.0, 0.01, 0.1], [0.05], [0.0]] -11.8675707608 -50.1624957514
399 [[1.0], [1.1], [1.2], [-10.0], [-15.0, -20.0, 0.01, 0.1], [0.05], [0.0]] -11.32524647 -50.0064665993
400 [[1.0, 1.1, 1.2, -10.0, -15.0], [-20.0, 0.01, 0.1], [0.05], [0.0]] -10.8727778008 -49.2618788815
401 [[1.0], [1.1, 1.2, -10.0, -15.0], [-20.0, 0.01, 0.1], [0.05], [0.0]] -11.7167478711 -50.4124972858
402 [[1.0, 1.1], [1.2, -10.0, -15.0], [-20.0, 0.01, 0.1], [0.05], [0.0]] -12.8153601598 -51.2714071345
403 [[1.0], [1.1], [1.2, -10.0, -15.0], [-20.0, 0.01, 0.1], [0.05], [0.0]] -12.2730358689 -51.1153779824
404 [[1.0, 1.1, 1.2], [-10.0, -15.0], [-20.0, 0.01, 0.1], [0.05], [0.0]] -12.8153601598 -50.5584411449
405 [[1.0], [1.1, 1.2], [-10.0, -15.0], [-20.0, 0.01, 0.1], [0.05], [0.0]] -12.9661830495 -51.3184870267
406 [[1.0, 1.1], [1.2], [-10.0, -15.0], [-20.0, 0.01, 0.1], [0.05], [0.0]] -12.9661830495 -51.3186712832
407 [[1.0], [1.1], [1.2], [-10.0, -15.0], [-20.0, 0.01, 0.1], [0.05], [0.0]] -12.4238587587 -51.1626421311
408 [[1.0, 1.1, 1.2, -10.0], [-15.0], [-20.0, 0.01, 0.1], [0.05], [0.0]] -11.7167478711 -49.982419931
409 [[1.0], [1.1, 1.2, -10.0], [-15.0], [-20.0, 0.01, 0.1], [0.05], [0.0]] -12.2730358689 -51.0541768537
410 [[1.0, 1.1], [1.2, -10.0], [-15.0], [-20.0, 0.01, 0.1], [0.05], [0.0]] -12.9661830495 -51.7051068283
411 [[1.0], [1.1], [1.2, -10.0], [-15.0], [-20.0, 0.01, 0.1], [0.05], [0.0]] -12.4238587587 -51.5490776762
412 [[1.0, 1.1, 1.2], [-10.0], [-15.0], [-20.0, 0.01, 0.1], [0.05], [0.0]] -12.2730358689 -50.4866036877
413 [[1.0], [1.1, 1.2], [-10.0], [-15.0], [-20.0, 0.01, 0.1], [0.05], [0.0]] -12.4238587587 -51.2466495695
414 [[1.0, 1.1], [1.2], [-10.0], [-15.0], [-20.0, 0.01, 0.1], [0.05], [0.0]] -12.4238587587 -51.246833826
415 [[1.0], [1.1], [1.2], [-10.0], [-15.0], [-20.0, 0.01, 0.1], [0.05], [0.0]] -11.8815344679 -51.0908046739
416 [[1.0, 1.1, 1.2, -10.0, -15.0, -20.0], [0.01, 0.1], [0.05], [0.0]] -9.95648706893 -47.7347466545
417 [[1.0], [1.1, 1.2, -10.0, -15.0, -20.0], [0.01, 0.1], [0.05], [0.0]] -11.0236006905 -48.8722663278
418 [[1.0, 1.1], [1.2, -10.0, -15.0, -20.0], [0.01, 0.1], [0.05], [0.0]] -12.4098950517 -49.7722059736
419 [[1.0], [1.1], [1.2, -10.0, -15.0, -20.0], [0.01, 0.1], [0.05], [0.0]] -11.8675707608 -49.6161768215
420 [[1.0, 1.1, 1.2], [-10.0, -15.0, -20.0], [0.01, 0.1], [0.05], [0.0]] -12.8153601598 -49.190572545
421 [[1.0], [1.1, 1.2], [-10.0, -15.0, -20.0], [0.01, 0.1], [0.05], [0.0]] -12.9661830495 -49.9506184268
422 [[1.0, 1.1], [1.2], [-10.0, -15.0, -20.0], [0.01, 0.1], [0.05], [0.0]] -12.9661830495 -49.9508026833
423 [[1.0], [1.1], [1.2], [-10.0, -15.0, -20.0], [0.01, 0.1], [0.05], [0.0]] -12.4238587587 -49.7947735312
424 [[1.0, 1.1, 1.2, -10.0], [-15.0, -20.0], [0.01, 0.1], [0.05], [0.0]] -12.4098950517 -49.4006704163
425 [[1.0], [1.1, 1.2, -10.0], [-15.0, -20.0], [0.01, 0.1], [0.05], [0.0]] -12.9661830495 -50.472427339
426 [[1.0, 1.1], [1.2, -10.0], [-15.0, -20.0], [0.01, 0.1], [0.05], [0.0]] -13.6593302301 -51.1233573136
427 [[1.0], [1.1], [1.2, -10.0], [-15.0, -20.0], [0.01, 0.1], [0.05], [0.0]] -13.1170059392 -50.9673281615
428 [[1.0, 1.1, 1.2], [-10.0], [-15.0, -20.0], [0.01, 0.1], [0.05], [0.0]] -12.9661830495 -49.904854173
429 [[1.0], [1.1, 1.2], [-10.0], [-15.0, -20.0], [0.01, 0.1], [0.05], [0.0]] -13.1170059392 -50.6649000548
430 [[1.0, 1.1], [1.2], [-10.0], [-15.0, -20.0], [0.01, 0.1], [0.05], [0.0]] -13.1170059392 -50.6650843113
431 [[1.0], [1.1], [1.2], [-10.0], [-15.0, -20.0], [0.01, 0.1], [0.05], [0.0]] -12.5746816484 -50.5090551592
432 [[1.0, 1.1, 1.2, -10.0, -15.0], [-20.0], [0.01, 0.1], [0.05], [0.0]] -11.0236006905 -48.764423662
433 [[1.0], [1.1, 1.2, -10.0, -15.0], [-20.0], [0.01, 0.1], [0.05], [0.0]] -11.8675707608 -49.9150420663
434 [[1.0, 1.1], [1.2, -10.0, -15.0], [-20.0], [0.01, 0.1], [0.05], [0.0]] -12.9661830495 -50.773951915
435 [[1.0], [1.1], [1.2, -10.0, -15.0], [-20.0], [0.01, 0.1], [0.05], [0.0]] -12.4238587587 -50.6179227628
436 [[1.0, 1.1, 1.2], [-10.0, -15.0], [-20.0], [0.01, 0.1], [0.05], [0.0]] -12.9661830495 -50.0609859254
437 [[1.0], [1.1, 1.2], [-10.0, -15.0], [-20.0], [0.01, 0.1], [0.05], [0.0]] -13.1170059392 -50.8210318072
438 [[1.0, 1.1], [1.2], [-10.0, -15.0], [-20.0], [0.01, 0.1], [0.05], [0.0]] -13.1170059392 -50.8212160637
439 [[1.0], [1.1], [1.2], [-10.0, -15.0], [-20.0], [0.01, 0.1], [0.05], [0.0]] -12.5746816484 -50.6651869116
440 [[1.0, 1.1, 1.2, -10.0], [-15.0], [-20.0], [0.01, 0.1], [0.05], [0.0]] -11.8675707608 -49.4849647115
441 [[1.0], [1.1, 1.2, -10.0], [-15.0], [-20.0], [0.01, 0.1], [0.05], [0.0]] -12.4238587587 -50.5567216342
442 [[1.0, 1.1], [1.2, -10.0], [-15.0], [-20.0], [0.01, 0.1], [0.05], [0.0]] -13.1170059392 -51.2076516088
443 [[1.0], [1.1], [1.2, -10.0], [-15.0], [-20.0], [0.01, 0.1], [0.05], [0.0]] -12.5746816484 -51.0516224567
444 [[1.0, 1.1, 1.2], [-10.0], [-15.0], [-20.0], [0.01, 0.1], [0.05], [0.0]] -12.4238587587 -49.9891484682
445 [[1.0], [1.1, 1.2], [-10.0], [-15.0], [-20.0], [0.01, 0.1], [0.05], [0.0]] -12.5746816484 -50.74919435
446 [[1.0, 1.1], [1.2], [-10.0], [-15.0], [-20.0], [0.01, 0.1], [0.05], [0.0]] -12.5746816484 -50.7493786065
447 [[1.0], [1.1], [1.2], [-10.0], [-15.0], [-20.0], [0.01, 0.1], [0.05], [0.0]] -12.0323573576 -50.5933494544
448 [[1.0, 1.1, 1.2, -10.0, -15.0, -20.0, 0.01], [0.1], [0.05], [0.0]] -8.1647275997 -46.0780600147
449 [[1.0], [1.1, 1.2, -10.0, -15.0, -20.0, 0.01], [0.1], [0.05], [0.0]] -9.41416277811 -47.5049350286
450 [[1.0, 1.1], [1.2, -10.0, -15.0, -20.0, 0.01], [0.1], [0.05], [0.0]] -11.0236006905 -48.7800781741
451 [[1.0], [1.1], [1.2, -10.0, -15.0, -20.0, 0.01], [0.1], [0.05], [0.0]] -10.4812763997 -48.624049022
452 [[1.0, 1.1, 1.2], [-10.0, -15.0, -20.0, 0.01], [0.1], [0.05], [0.0]] -11.7167478711 -48.7332308594
453 [[1.0], [1.1, 1.2], [-10.0, -15.0, -20.0, 0.01], [0.1], [0.05], [0.0]] -11.8675707608 -49.4932767412
454 [[1.0, 1.1], [1.2], [-10.0, -15.0, -20.0, 0.01], [0.1], [0.05], [0.0]] -11.8675707608 -49.4934609977
455 [[1.0], [1.1], [1.2], [-10.0, -15.0, -20.0, 0.01], [0.1], [0.05], [0.0]] -11.32524647 -49.3374318456
456 [[1.0, 1.1, 1.2, -10.0], [-15.0, -20.0, 0.01], [0.1], [0.05], [0.0]] -11.7167478711 -49.4003760238
457 [[1.0], [1.1, 1.2, -10.0], [-15.0, -20.0, 0.01], [0.1], [0.05], [0.0]] -12.2730358689 -50.4721329465
458 [[1.0, 1.1], [1.2, -10.0], [-15.0, -20.0, 0.01], [0.1], [0.05], [0.0]] -12.9661830495 -51.1230629211
459 [[1.0], [1.1], [1.2, -10.0], [-15.0, -20.0, 0.01], [0.1], [0.05], [0.0]] -12.4238587587 -50.967033769
460 [[1.0, 1.1, 1.2], [-10.0], [-15.0, -20.0, 0.01], [0.1], [0.05], [0.0]] -12.2730358689 -49.9045597805
461 [[1.0], [1.1, 1.2], [-10.0], [-15.0, -20.0, 0.01], [0.1], [0.05], [0.0]] -12.4238587587 -50.6646056623
462 [[1.0, 1.1], [1.2], [-10.0], [-15.0, -20.0, 0.01], [0.1], [0.05], [0.0]] -12.4238587587 -50.6647899188
463 [[1.0], [1.1], [1.2], [-10.0], [-15.0, -20.0, 0.01], [0.1], [0.05], [0.0]] -11.8815344679 -50.5087607667
464 [[1.0, 1.1, 1.2, -10.0, -15.0], [-20.0, 0.01], [0.1], [0.05], [0.0]] -11.0236006905 -49.419847078
465 [[1.0], [1.1, 1.2, -10.0, -15.0], [-20.0, 0.01], [0.1], [0.05], [0.0]] -11.8675707608 -50.5704654823
466 [[1.0, 1.1], [1.2, -10.0, -15.0], [-20.0, 0.01], [0.1], [0.05], [0.0]] -12.9661830495 -51.429375331
467 [[1.0], [1.1], [1.2, -10.0, -15.0], [-20.0, 0.01], [0.1], [0.05], [0.0]] -12.4238587587 -51.2733461789
468 [[1.0, 1.1, 1.2], [-10.0, -15.0], [-20.0, 0.01], [0.1], [0.05], [0.0]] -12.9661830495 -50.7164093414
469 [[1.0], [1.1, 1.2], [-10.0, -15.0], [-20.0, 0.01], [0.1], [0.05], [0.0]] -13.1170059392 -51.4764552232
470 [[1.0, 1.1], [1.2], [-10.0, -15.0], [-20.0, 0.01], [0.1], [0.05], [0.0]] -13.1170059392 -51.4766394797
471 [[1.0], [1.1], [1.2], [-10.0, -15.0], [-20.0, 0.01], [0.1], [0.05], [0.0]] -12.5746816484 -51.3206103276
472 [[1.0, 1.1, 1.2, -10.0], [-15.0], [-20.0, 0.01], [0.1], [0.05], [0.0]] -11.8675707608 -50.1403881275
473 [[1.0], [1.1, 1.2, -10.0], [-15.0], [-20.0, 0.01], [0.1], [0.05], [0.0]] -12.4238587587 -51.2121450502
474 [[1.0, 1.1], [1.2, -10.0], [-15.0], [-20.0, 0.01], [0.1], [0.05], [0.0]] -13.1170059392 -51.8630750248
475 [[1.0], [1.1], [1.2, -10.0], [-15.0], [-20.0, 0.01], [0.1], [0.05], [0.0]] -12.5746816484 -51.7070458727
476 [[1.0, 1.1, 1.2], [-10.0], [-15.0], [-20.0, 0.01], [0.1], [0.05], [0.0]] -12.4238587587 -50.6445718842
477 [[1.0], [1.1, 1.2], [-10.0], [-15.0], [-20.0, 0.01], [0.1], [0.05], [0.0]] -12.5746816484 -51.404617766
478 [[1.0, 1.1], [1.2], [-10.0], [-15.0], [-20.0, 0.01], [0.1], [0.05], [0.0]] -12.5746816484 -51.4048020225
479 [[1.0], [1.1], [1.2], [-10.0], [-15.0], [-20.0, 0.01], [0.1], [0.05], [0.0]] -12.0323573576 -51.2487728704
480 [[1.0, 1.1, 1.2, -10.0, -15.0, -20.0], [0.01], [0.1], [0.05], [0.0]] -9.41416277811 -47.5778050837
481 [[1.0], [1.1, 1.2, -10.0, -15.0, -20.0], [0.01], [0.1], [0.05], [0.0]] -10.4812763997 -48.715324757
482 [[1.0, 1.1], [1.2, -10.0, -15.0, -20.0], [0.01], [0.1], [0.05], [0.0]] -11.8675707608 -49.6152644028
483 [[1.0], [1.1], [1.2, -10.0, -15.0, -20.0], [0.01], [0.1], [0.05], [0.0]] -11.32524647 -49.4592352507
484 [[1.0, 1.1, 1.2], [-10.0, -15.0, -20.0], [0.01], [0.1], [0.05], [0.0]] -12.2730358689 -49.0336309742
485 [[1.0], [1.1, 1.2], [-10.0, -15.0, -20.0], [0.01], [0.1], [0.05], [0.0]] -12.4238587587 -49.793676856
486 [[1.0, 1.1], [1.2], [-10.0, -15.0, -20.0], [0.01], [0.1], [0.05], [0.0]] -12.4238587587 -49.7938611125
487 [[1.0], [1.1], [1.2], [-10.0, -15.0, -20.0], [0.01], [0.1], [0.05], [0.0]] -11.8815344679 -49.6378319604
488 [[1.0, 1.1, 1.2, -10.0], [-15.0, -20.0], [0.01], [0.1], [0.05], [0.0]] -11.8675707608 -49.2437288455
489 [[1.0], [1.1, 1.2, -10.0], [-15.0, -20.0], [0.01], [0.1], [0.05], [0.0]] -12.4238587587 -50.3154857682
490 [[1.0, 1.1], [1.2, -10.0], [-15.0, -20.0], [0.01], [0.1], [0.05], [0.0]] -13.1170059392 -50.9664157428
491 [[1.0], [1.1], [1.2, -10.0], [-15.0, -20.0], [0.01], [0.1], [0.05], [0.0]] -12.5746816484 -50.8103865907
492 [[1.0, 1.1, 1.2], [-10.0], [-15.0, -20.0], [0.01], [0.1], [0.05], [0.0]] -12.4238587587 -49.7479126022
493 [[1.0], [1.1, 1.2], [-10.0], [-15.0, -20.0], [0.01], [0.1], [0.05], [0.0]] -12.5746816484 -50.507958484
494 [[1.0, 1.1], [1.2], [-10.0], [-15.0, -20.0], [0.01], [0.1], [0.05], [0.0]] -12.5746816484 -50.5081427405
495 [[1.0], [1.1], [1.2], [-10.0], [-15.0, -20.0], [0.01], [0.1], [0.05], [0.0]] -12.0323573576 -50.3521135884
496 [[1.0, 1.1, 1.2, -10.0, -15.0], [-20.0], [0.01], [0.1], [0.05], [0.0]] -10.4812763997 -48.6074820912
497 [[1.0], [1.1, 1.2, -10.0, -15.0], [-20.0], [0.01], [0.1], [0.05], [0.0]] -11.32524647 -49.7581004955
498 [[1.0, 1.1], [1.2, -10.0, -15.0], [-20.0], [0.01], [0.1], [0.05], [0.0]] -12.4238587587 -50.6170103442
499 [[1.0], [1.1], [1.2, -10.0, -15.0], [-20.0], [0.01], [0.1], [0.05], [0.0]] -11.8815344679 -50.460981192
500 [[1.0, 1.1, 1.2], [-10.0, -15.0], [-20.0], [0.01], [0.1], [0.05], [0.0]] -12.4238587587 -49.9040443546
501 [[1.0], [1.1, 1.2], [-10.0, -15.0], [-20.0], [0.01], [0.1], [0.05], [0.0]] -12.5746816484 -50.6640902364
502 [[1.0, 1.1], [1.2], [-10.0, -15.0], [-20.0], [0.01], [0.1], [0.05], [0.0]] -12.5746816484 -50.6642744929
503 [[1.0], [1.1], [1.2], [-10.0, -15.0], [-20.0], [0.01], [0.1], [0.05], [0.0]] -12.0323573576 -50.5082453408
504 [[1.0, 1.1, 1.2, -10.0], [-15.0], [-20.0], [0.01], [0.1], [0.05], [0.0]] -11.32524647 -49.3280231407
505 [[1.0], [1.1, 1.2, -10.0], [-15.0], [-20.0], [0.01], [0.1], [0.05], [0.0]] -11.8815344679 -50.3997800634
506 [[1.0, 1.1], [1.2, -10.0], [-15.0], [-20.0], [0.01], [0.1], [0.05], [0.0]] -12.5746816484 -51.050710038
507 [[1.0], [1.1], [1.2, -10.0], [-15.0], [-20.0], [0.01], [0.1], [0.05], [0.0]] -12.0323573576 -50.8946808859
508 [[1.0, 1.1, 1.2], [-10.0], [-15.0], [-20.0], [0.01], [0.1], [0.05], [0.0]] -11.8815344679 -49.8322068974
509 [[1.0], [1.1, 1.2], [-10.0], [-15.0], [-20.0], [0.01], [0.1], [0.05], [0.0]] -12.0323573576 -50.5922527792
510 [[1.0, 1.1], [1.2], [-10.0], [-15.0], [-20.0], [0.01], [0.1], [0.05], [0.0]] -12.0323573576 -50.5924370357
511 [[1.0], [1.1], [1.2], [-10.0], [-15.0], [-20.0], [0.01], [0.1], [0.05], [0.0]] -11.4900330668 -50.4364078836
{1: 0.001584640154534449, 2: 0.0158867338701615, 3: 0.06697393226540733, 4: 0.16111101113573228, 5: 0.24630027371249016, 6: 0.24920419286158593, 7: 0.16720764966925974, 8: 0.07181829171353231, 9: 0.017929972334622606, 10: 0.0019833022826737565}
