1 (1.0,) -5.9915018816
2 (1.1,) -5.99150975642
3 (1.2,) -5.99151838118
4 (-10.0,) -5.99520971946
5 (-15.0,) -5.99987827328
6 (-20.0,) -6.00638992723
7 (0.01,) -5.99146438562
8 (0.1,) -5.99146475687
9 (0.05,) -5.99146447562
10 (0.0,) -5.99146438187
11 (1.0, 1.1) -11.5975975836
12 (1.0, 1.2) -11.5976062499
13 (1.0, -10.0) -11.6049099277
14 (1.0, -15.0) -11.6135260594
15 (1.0, -20.0) -11.6253951389
16 (1.0, 0.01) -11.5975895899
17 (1.0, 0.1) -11.59758425
18 (1.0, 0.05) -11.5975870833
19 (1.0, 0.0) -11.5975902498
20 (1.1, 1.2) -11.5976122497
21 (1.1, -10.0) -11.6049902954
22 (1.1, -15.0) -11.6136391477
23 (1.1, -20.0) -11.625540428
24 (1.1, 0.01) -11.5976035227
25 (1.1, 0.1) -11.5975975829
26 (1.1, 0.05) -11.5976007495
27 (1.1, 0.0) -11.5976042493
28 (1.2, -10.0) -11.6050719882
29 (1.2, -15.0) -11.6137535522
30 (1.2, -20.0) -11.6256870212
31 (1.2, 0.01) -11.5976187887
32 (1.2, 0.1) -11.597612249
33 (1.2, 0.05) -11.5976157488
34 (1.2, 0.0) -11.597619582
35 (-10.0, -15.0) -11.6091563549
36 (-10.0, -20.0) -11.6174242461
37 (-10.0, 0.01) -11.6041860326
38 (-10.0, 0.1) -11.6042464896
39 (-10.0, 0.05) -11.6042127697
40 (-10.0, 0.0) -11.6041793814
41 (-15.0, -20.0) -11.619073731
42 (-15.0, 0.01) -11.6124775457
43 (-15.0, 0.1) -11.6125675283
44 (-15.0, 0.05) -11.6125174061
45 (-15.0, 0.0) -11.6124676135
46 (-20.0, 0.01) -11.6240272011
47 (-20.0, 0.1) -11.6241462692
48 (-20.0, 0.05) -11.6240799895
49 (-20.0, 0.0) -11.6240140367
50 (0.01, 0.1) -11.597524191
51 (0.01, 0.05) -11.5975237243
52 (0.01, 0.0) -11.597523591
53 (0.1, 0.05) -11.5975240843
54 (0.1, 0.0) -11.597524251
55 (0.05, 0.0) -11.597523751
56 (1.0, 1.1, 1.2) -16.9854335209
57 (1.0, 1.1, -10.0) -16.9961589175
58 (1.0, 1.1, -15.0) -17.0085138992
Warning: The integral is probably divergent, or slowly convergent.
59 (1.0, 1.1, -20.0) -17.0232871744
60 (1.0, 1.1, 0.01) -16.9854525853
61 (1.0, 1.1, 0.1) -16.9854418096
62 (1.0, 1.1, 0.05) -16.9854476076
63 (1.0, 1.1, 0.0) -16.9854538769
64 (1.0, 1.2, -10.0) -16.9962360202
Warning: The integral is probably divergent, or slowly convergent.
65 (1.0, 1.2, -15.0) -17.0065159404
Warning: The integral is probably divergent, or slowly convergent.
66 (1.0, 1.2, -20.0) -17.0234257553
67 (1.0, 1.2, 0.01) -16.9854680125
68 (1.0, 1.2, 0.1) -16.9854566792
69 (1.0, 1.2, 0.05) -16.9854627869
70 (1.0, 1.2, 0.0) -16.985469366
71 (1.0, -10.0, -15.0) -17.0081112285
Warning: The integral is probably divergent, or slowly convergent.
72 (1.0, -10.0, -20.0) -17.0178967523
73 (1.0, -10.0, 0.01) -16.9954401923
74 (1.0, -10.0, 0.1) -16.9954910902
75 (1.0, -10.0, 0.05) -16.9954626258
76 (1.0, -10.0, 0.0) -16.9954346309
Warning: The integral is probably divergent, or slowly convergent.
77 (1.0, -15.0, -20.0) -17.0235303275
78 (1.0, -15.0, 0.01) -17.0074643696
79 (1.0, -15.0, 0.1) -17.0075426273
80 (1.0, -15.0, 0.05) -17.0074989641
81 (1.0, -15.0, 0.0) -17.0074557677
Warning: The integral is probably divergent, or slowly convergent.
82 (1.0, -20.0, 0.01) -17.0219081952
Warning: The integral is probably divergent, or slowly convergent.
83 (1.0, -20.0, 0.1) -17.022014718
Warning: The integral is probably divergent, or slowly convergent.
84 (1.0, -20.0, 0.05) -17.0219553542
Warning: The integral is probably divergent, or slowly convergent.
85 (1.0, -20.0, 0.0) -17.0218964516
86 (1.0, 0.01, 0.1) -16.9854020217
87 (1.0, 0.01, 0.05) -16.9854044433
88 (1.0, 0.01, 0.0) -16.9854073363
89 (1.0, 0.1, 0.05) -16.9853995219
90 (1.0, 0.1, 0.0) -16.9854026938
91 (1.0, 0.05, 0.0) -16.9854050844
92 (1.1, 1.2, -10.0) -16.9963100096
Warning: The integral is probably divergent, or slowly convergent.
93 (1.1, 1.2, -15.0) -17.0066212411
Warning: The integral is probably divergent, or slowly convergent.
94 (1.1, 1.2, -20.0) -17.0235612443
95 (1.1, 1.2, 0.01) -16.9854803149
96 (1.1, 1.2, 0.1) -16.9854684242
97 (1.1, 1.2, 0.05) -16.9854748416
98 (1.1, 1.2, 0.0) -16.9854817304
99 (1.1, -10.0, -15.0) -17.0082920557
Warning: The integral is probably divergent, or slowly convergent.
100 (1.1, -10.0, -20.0) -17.0181025972
101 (1.1, -10.0, 0.01) -16.9955215426
102 (1.1, -10.0, 0.1) -16.9955698861
103 (1.1, -10.0, 0.05) -16.9955437287
104 (1.1, -10.0, 0.0) -16.9955160429
Warning: The integral is probably divergent, or slowly convergent.
105 (1.1, -15.0, -20.0) -17.0237667313
106 (1.1, -15.0, 0.01) -17.0075760025
107 (1.1, -15.0, 0.1) -17.0076537051
108 (1.1, -15.0, 0.05) -17.0076103502
109 (1.1, -15.0, 0.0) -17.0075674623
Warning: The integral is probably divergent, or slowly convergent.
110 (1.1, -20.0, 0.01) -17.0220510806
Warning: The integral is probably divergent, or slowly convergent.
111 (1.1, -20.0, 0.1) -17.0221570415
Warning: The integral is probably divergent, or slowly convergent.
112 (1.1, -20.0, 0.05) -17.0220979898
Warning: The integral is probably divergent, or slowly convergent.
113 (1.1, -20.0, 0.0) -17.0220393994
114 (1.1, 0.01, 0.1) -16.9854211393
115 (1.1, 0.01, 0.05) -16.9854238706
116 (1.1, 0.01, 0.0) -16.9854270734
117 (1.1, 0.1, 0.05) -16.9854183917
118 (1.1, 0.1, 0.0) -16.9854218733
119 (1.1, 0.05, 0.0) -16.9854245737
120 (1.2, -10.0, -15.0) -17.0085580705
Warning: The integral is probably divergent, or slowly convergent.
121 (1.2, -10.0, -20.0) -17.0183102724
122 (1.2, -10.0, 0.01) -16.9956027716
123 (1.2, -10.0, 0.1) -16.9956525588
124 (1.2, -10.0, 0.05) -16.9956247115
125 (1.2, -10.0, 0.0) -16.9955973335
Warning: The integral is probably divergent, or slowly convergent.
126 (1.2, -15.0, -20.0) -17.024004959
127 (1.2, -15.0, 0.01) -17.0076895009
128 (1.2, -15.0, 0.1) -17.0077666484
129 (1.2, -15.0, 0.05) -17.0077236019
130 (1.2, -15.0, 0.0) -17.0076810223
Warning: The integral is probably divergent, or slowly convergent.
131 (1.2, -20.0, 0.01) -17.0221958082
Warning: The integral is probably divergent, or slowly convergent.
132 (1.2, -20.0, 0.1) -17.0223012072
Warning: The integral is probably divergent, or slowly convergent.
133 (1.2, -20.0, 0.05) -17.0222424677
Warning: The integral is probably divergent, or slowly convergent.
134 (1.2, -20.0, 0.0) -17.0221841894
135 (1.2, 0.01, 0.1) -16.9854421423
136 (1.2, 0.01, 0.05) -16.9854451834
137 (1.2, 0.01, 0.0) -16.9854486959
138 (1.2, 0.1, 0.05) -16.985439147
139 (1.2, 0.1, 0.0) -16.9854429383
140 (1.2, 0.05, 0.0) -16.9854459484
141 (-10.0, -15.0, -20.0) -17.006233299
142 (-10.0, -15.0, 0.01) -17.0065817136
143 (-10.0, -15.0, 0.1) -17.0067208426
144 (-10.0, -15.0, 0.05) -17.0066433625
145 (-10.0, -15.0, 0.0) -17.0065663434
Warning: The integral is probably divergent, or slowly convergent.
146 (-10.0, -20.0, 0.01) -17.0159577354
Warning: The integral is probably divergent, or slowly convergent.
147 (-10.0, -20.0, 0.1) -17.0161265842
Warning: The integral is probably divergent, or slowly convergent.
148 (-10.0, -20.0, 0.05) -17.0160325959
Warning: The integral is probably divergent, or slowly convergent.
149 (-10.0, -20.0, 0.0) -17.0159390662
150 (-10.0, 0.01, 0.1) -16.9947926385
151 (-10.0, 0.01, 0.05) -16.9947611113
152 (-10.0, 0.01, 0.0) -16.9947300559
153 (-10.0, 0.1, 0.05) -16.9948172979
154 (-10.0, 0.1, 0.0) -16.9947865206
155 (-10.0, 0.05, 0.0) -16.9947549625
Warning: The integral is probably divergent, or slowly convergent.
156 (-15.0, -20.0, 0.01) -17.0212882305
Warning: The integral is probably divergent, or slowly convergent.
157 (-15.0, -20.0, 0.1) -17.0214866162
Warning: The integral is probably divergent, or slowly convergent.
158 (-15.0, -20.0, 0.05) -17.021375354
Warning: The integral is probably divergent, or slowly convergent.
159 (-15.0, -20.0, 0.0) -17.0212664953
160 (-15.0, 0.01, 0.1) -17.0065436639
161 (-15.0, 0.01, 0.05) -17.0064969135
162 (-15.0, 0.01, 0.0) -17.0064506649
163 (-15.0, 0.1, 0.05) -17.0065804781
164 (-15.0, 0.1, 0.0) -17.006534507
165 (-15.0, 0.05, 0.0) -17.0064877258
Warning: The integral is probably divergent, or slowly convergent.
166 (-20.0, 0.01, 0.1) -17.0207051777
Warning: The integral is probably divergent, or slowly convergent.
167 (-20.0, 0.01, 0.05) -17.020642724
Warning: The integral is probably divergent, or slowly convergent.
168 (-20.0, 0.01, 0.0) -17.0205807317
Warning: The integral is probably divergent, or slowly convergent.
169 (-20.0, 0.1, 0.05) -17.0207545838
Warning: The integral is probably divergent, or slowly convergent.
170 (-20.0, 0.1, 0.0) -17.0206928723
Warning: The integral is probably divergent, or slowly convergent.
171 (-20.0, 0.05, 0.0) -17.0206303874
172 (0.01, 0.1, 0.05) -16.9853144485
173 (0.01, 0.1, 0.0) -16.9853145536
174 (0.01, 0.05, 0.0) -16.9853138774
175 (0.1, 0.05, 0.0) -16.985314532
176 (1.0, 1.1, 1.2, -10.0) -21.8150993904
177 (1.0, 1.1, 1.2, -15.0) -21.82645562
178 (1.0, 1.1, 1.2, -20.0) -21.84202834
179 (1.0, 1.1, 1.2, 0.01) -21.8050750335
180 (1.0, 1.1, 1.2, 0.1) -21.8050618948
181 (1.0, 1.1, 1.2, 0.05) -21.8050690246
182 (1.0, 1.1, 1.2, 0.0) -21.805076578
183 (1.0, 1.1, -10.0, -15.0) -21.8279773953
184 (1.0, 1.1, -10.0, -20.0) -21.8408933224
185 (1.0, 1.1, -10.0, 0.01) -21.8145351187
186 (1.0, 1.1, -10.0, 0.1) -21.8145694145
187 (1.0, 1.1, -10.0, 0.05) -21.814550192
188 (1.0, 1.1, -10.0, 0.0) -21.8145313927
189 (1.0, 1.1, -15.0, -20.0) -21.8472062849
190 (1.0, 1.1, -15.0, 0.01) -21.8256109571
191 (1.0, 1.1, -15.0, 0.1) -21.8256664711
192 (1.0, 1.1, -15.0, 0.05) -21.8256354609
193 (1.0, 1.1, -15.0, 0.0) -21.8256048734
194 (1.0, 1.1, -20.0, 0.01) -21.8409032669
195 (1.0, 1.1, -20.0, 0.1) -21.8409800032
196 (1.0, 1.1, -20.0, 0.05) -21.8409372032
197 (1.0, 1.1, -20.0, 0.0) -21.8408948251
198 (1.0, 1.1, 0.01, 0.1) -21.805063102
199 (1.0, 1.1, 0.01, 0.05) -21.8050674313
200 (1.0, 1.1, 0.01, 0.0) -21.8050721843
201 (1.0, 1.1, 0.1, 0.05) -21.805059164
202 (1.0, 1.1, 0.1, 0.0) -21.8050641288
203 (1.0, 1.1, 0.05, 0.0) -21.8050684347
204 (1.0, 1.2, -10.0, -15.0) -21.828110143
205 (1.0, 1.2, -10.0, -20.0) -21.8410498209
206 (1.0, 1.2, -10.0, 0.01) -21.8145968976
207 (1.0, 1.2, -10.0, 0.1) -21.8146307694
208 (1.0, 1.2, -10.0, 0.05) -21.8146117824
209 (1.0, 1.2, -10.0, 0.0) -21.8145932187
210 (1.0, 1.2, -15.0, -20.0) -21.8473867023
211 (1.0, 1.2, -15.0, 0.01) -21.8256962978
212 (1.0, 1.2, -15.0, 0.1) -21.8257513867
213 (1.0, 1.2, -15.0, 0.05) -21.8257206127
214 (1.0, 1.2, -15.0, 0.0) -21.8256902614
215 (1.0, 1.2, -20.0, 0.01) -21.8410121702
216 (1.0, 1.2, -20.0, 0.1) -21.8410884801
217 (1.0, 1.2, -20.0, 0.05) -21.8410459169
218 (1.0, 1.2, -20.0, 0.0) -21.8410037757
219 (1.0, 1.2, 0.01, 0.1) -21.8050773657
220 (1.0, 1.2, 0.01, 0.05) -21.8050819304
221 (1.0, 1.2, 0.01, 0.0) -21.8050869187
222 (1.0, 1.2, 0.1, 0.05) -21.8050732395
223 (1.0, 1.2, 0.1, 0.0) -21.8050784396
224 (1.0, 1.2, 0.05, 0.0) -21.8050829808
225 (1.0, -10.0, -15.0, -20.0) -21.8376027588
226 (1.0, -10.0, -15.0, 0.01) -21.8266397826
227 (1.0, -10.0, -15.0, 0.1) -21.8267426416
228 (1.0, -10.0, -15.0, 0.05) -21.8266853291
229 (1.0, -10.0, -15.0, 0.0) -21.8266284381
230 (1.0, -10.0, -20.0, 0.01) -21.8392965722
231 (1.0, -10.0, -20.0, 0.1) -21.8394208455
232 (1.0, -10.0, -20.0, 0.05) -21.8393516366
233 (1.0, -10.0, -20.0, 0.0) -21.8392828482
234 (1.0, -10.0, 0.01, 0.1) -21.8140104359
235 (1.0, -10.0, 0.01, 0.05) -21.8139886454
236 (1.0, -10.0, 0.01, 0.0) -21.8139672781
237 (1.0, -10.0, 0.1, 0.05) -21.8140273939
238 (1.0, -10.0, 0.1, 0.0) -21.8140062387
239 (1.0, -10.0, 0.05, 0.0) -21.8139844246
240 (1.0, -15.0, -20.0, 0.01) -21.8453485707
241 (1.0, -15.0, -20.0, 0.1) -21.8454944088
242 (1.0, -15.0, -20.0, 0.05) -21.8454132199
243 (1.0, -15.0, -20.0, 0.0) -21.8453324504
244 (1.0, -15.0, 0.01, 0.1) -21.8248505151
245 (1.0, -15.0, 0.01, 0.05) -21.8248169299
246 (1.0, -15.0, 0.01, 0.0) -21.8247837673
247 (1.0, -15.0, 0.1, 0.05) -21.8248769089
248 (1.0, -15.0, 0.1, 0.0) -21.8248439589
249 (1.0, -15.0, 0.05, 0.0) -21.8248103501
250 (1.0, -20.0, 0.01, 0.1) -21.8399070317
251 (1.0, -20.0, 0.01, 0.05) -21.8398616488
252 (1.0, -20.0, 0.01, 0.0) -21.8398166876
253 (1.0, -20.0, 0.1, 0.05) -21.8399428637
254 (1.0, -20.0, 0.1, 0.0) -21.8398981159
255 (1.0, -20.0, 0.05, 0.0) -21.8398527092
256 (1.0, 0.01, 0.1, 0.05) -21.8050156403
257 (1.0, 0.01, 0.1, 0.0) -21.8050180402
258 (1.0, 0.01, 0.05, 0.0) -21.8050197812
259 (1.0, 0.1, 0.05, 0.0) -21.805016173
260 (1.1, 1.2, -10.0, -15.0) -21.8282402517
261 (1.1, 1.2, -10.0, -20.0) -21.8412036793
262 (1.1, 1.2, -10.0, 0.01) -21.8146560412
263 (1.1, 1.2, -10.0, 0.1) -21.8146894891
264 (1.1, 1.2, -10.0, 0.05) -21.8146707377
265 (1.1, 1.2, -10.0, 0.0) -21.8146524095
266 (1.1, 1.2, -15.0, -20.0) -21.847564477
267 (1.1, 1.2, -15.0, 0.01) -21.8257790034
268 (1.1, 1.2, -15.0, 0.1) -21.8258336673
269 (1.1, 1.2, -15.0, 0.05) -21.8258031294
270 (1.1, 1.2, -15.0, 0.0) -21.8257730142
271 (1.1, 1.2, -20.0, 0.01) -21.8411184384
272 (1.1, 1.2, -20.0, 0.1) -21.841194322
273 (1.1, 1.2, -20.0, 0.05) -21.8411519957
274 (1.1, 1.2, -20.0, 0.0) -21.8411100913
275 (1.1, 1.2, 0.01, 0.1) -21.8050889936
276 (1.1, 1.2, 0.01, 0.05) -21.8050937936
277 (1.1, 1.2, 0.01, 0.0) -21.8050990172
278 (1.1, 1.2, 0.1, 0.05) -21.8050846792
279 (1.1, 1.2, 0.1, 0.0) -21.8050901146
280 (1.1, 1.2, 0.05, 0.0) -21.8050948911
281 (1.1, -10.0, -15.0, -20.0) -21.8378349108
282 (1.1, -10.0, -15.0, 0.01) -21.8267755644
283 (1.1, -10.0, -15.0, 0.1) -21.8268779941
284 (1.1, -10.0, -15.0, 0.05) -21.8268209201
285 (1.1, -10.0, -15.0, 0.0) -21.8267642676
286 (1.1, -10.0, -20.0, 0.01) -21.8394561341
287 (1.1, -10.0, -20.0, 0.1) -21.8395799758
288 (1.1, -10.0, -20.0, 0.05) -21.8395110067
289 (1.1, -10.0, -20.0, 0.0) -21.839442458
290 (1.1, -10.0, 0.01, 0.1) -21.8140747631
291 (1.1, -10.0, 0.01, 0.05) -21.8140532083
292 (1.1, -10.0, 0.01, 0.0) -21.8140320766
293 (1.1, -10.0, 0.1, 0.05) -21.8140915326
294 (1.1, -10.0, 0.1, 0.0) -21.8140706131
295 (1.1, -10.0, 0.05, 0.0) -21.8140490347
296 (1.1, -15.0, -20.0, 0.01) -21.8455320871
297 (1.1, -15.0, -20.0, 0.1) -21.8456774907
298 (1.1, -15.0, -20.0, 0.05) -21.8455965431
299 (1.1, -15.0, -20.0, 0.0) -21.845516015
300 (1.1, -15.0, 0.01, 0.1) -21.8249384186
301 (1.1, -15.0, 0.01, 0.05) -21.8249050698
302 (1.1, -15.0, 0.01, 0.0) -21.8248721435
303 (1.1, -15.0, 0.1, 0.05) -21.8249646233
304 (1.1, -15.0, 0.1, 0.0) -21.8249319097
305 (1.1, -15.0, 0.05, 0.0) -21.8248985373
306 (1.1, -20.0, 0.01, 0.1) -21.840018514
307 (1.1, -20.0, 0.01, 0.05) -21.8399733682
308 (1.1, -20.0, 0.01, 0.0) -21.8399286441
309 (1.1, -20.0, 0.1, 0.05) -21.8400541564
310 (1.1, -20.0, 0.1, 0.0) -21.8400096456
311 (1.1, -20.0, 0.05, 0.0) -21.8399644761
312 (1.1, 0.01, 0.1, 0.05) -21.8050326804
313 (1.1, 0.01, 0.1, 0.0) -21.8050353156
314 (1.1, 0.01, 0.05, 0.0) -21.8050372919
315 (1.1, 0.1, 0.05, 0.0) -21.8050332601
316 (1.2, -10.0, -15.0, -20.0) -21.8380687326
317 (1.2, -10.0, -15.0, 0.01) -21.8269130317
318 (1.2, -10.0, -15.0, 0.1) -21.8270150322
319 (1.2, -10.0, -15.0, 0.05) -21.8269581967
320 (1.2, -10.0, -15.0, 0.0) -21.8269017826
321 (1.2, -10.0, -20.0, 0.01) -21.8396173776
322 (1.2, -10.0, -20.0, 0.1) -21.8397407877
323 (1.2, -10.0, -20.0, 0.05) -21.8396720583
324 (1.2, -10.0, -20.0, 0.0) -21.8396037494
325 (1.2, -10.0, 0.01, 0.1) -21.8141407831
326 (1.2, -10.0, 0.01, 0.05) -21.8141194639
327 (1.2, -10.0, 0.01, 0.0) -21.8140985679
328 (1.2, -10.0, 0.1, 0.05) -21.8141573641
329 (1.2, -10.0, 0.1, 0.0) -21.8141366801
330 (1.2, -10.0, 0.05, 0.0) -21.8141153374
331 (1.2, -15.0, -20.0, 0.01) -21.8457172811
332 (1.2, -15.0, -20.0, 0.1) -21.8458622502
333 (1.2, -15.0, -20.0, 0.05) -21.845781544
334 (1.2, -15.0, -20.0, 0.0) -21.8457012573
335 (1.2, -15.0, 0.01, 0.1) -21.8250280123
336 (1.2, -15.0, 0.01, 0.05) -21.8249948997
337 (1.2, -15.0, 0.01, 0.0) -21.8249622098
338 (1.2, -15.0, 0.1, 0.05) -21.8250540279
339 (1.2, -15.0, 0.1, 0.0) -21.8250215506
340 (1.2, -15.0, 0.05, 0.0) -21.8249884145
341 (1.2, -20.0, 0.01, 0.1) -21.8401316833
342 (1.2, -20.0, 0.01, 0.05) -21.8400867745
343 (1.2, -20.0, 0.01, 0.0) -21.8400422875
344 (1.2, -20.0, 0.1, 0.05) -21.840167136
345 (1.2, -20.0, 0.1, 0.0) -21.8401228623
346 (1.2, -20.0, 0.05, 0.0) -21.8400779298
347 (1.2, 0.01, 0.1, 0.05) -21.805051415
348 (1.2, 0.01, 0.1, 0.0) -21.8050542855
349 (1.2, 0.01, 0.05, 0.0) -21.8050564971
350 (1.2, 0.1, 0.05, 0.0) -21.8050520418
351 (-10.0, -15.0, -20.0, 0.01) -21.8354197657
352 (-10.0, -15.0, -20.0, 0.1) -21.8356136155
353 (-10.0, -15.0, -20.0, 0.05) -21.8355057542
354 (-10.0, -15.0, -20.0, 0.0) -21.8353983103
355 (-10.0, -15.0, 0.01, 0.1) -21.8254935903
356 (-10.0, -15.0, 0.01, 0.05) -21.8254339157
357 (-10.0, -15.0, 0.01, 0.0) -21.8253746624
358 (-10.0, -15.0, 0.1, 0.05) -21.8255408548
359 (-10.0, -15.0, 0.1, 0.0) -21.8254818163
360 (-10.0, -15.0, 0.05, 0.0) -21.8254221178
361 (-10.0, -20.0, 0.01, 0.1) -21.8379361793
362 (-10.0, -20.0, 0.01, 0.05) -21.8378645951
363 (-10.0, -20.0, 0.01, 0.0) -21.8377934313
364 (-10.0, -20.0, 0.1, 0.05) -21.8379929712
365 (-10.0, -20.0, 0.1, 0.0) -21.8379220234
366 (-10.0, -20.0, 0.05, 0.0) -21.8378504152
367 (-10.0, 0.01, 0.1, 0.05) -21.8134837497
368 (-10.0, 0.01, 0.1, 0.0) -21.813460261
369 (-10.0, 0.01, 0.05, 0.0) -21.8134361134
370 (-10.0, 0.1, 0.05, 0.0) -21.8134791046
371 (-15.0, -20.0, 0.01, 0.1) -21.8437724115
372 (-15.0, -20.0, 0.01, 0.05) -21.8436888309
373 (-15.0, -20.0, 0.01, 0.0) -21.8436056697
374 (-15.0, -20.0, 0.1, 0.05) -21.8438387999
375 (-15.0, -20.0, 0.1, 0.0) -21.8437558563
376 (-15.0, -20.0, 0.05, 0.0) -21.8436722516
377 (-15.0, 0.01, 0.1, 0.05) -21.8240997226
378 (-15.0, 0.01, 0.1, 0.0) -21.8240644322
379 (-15.0, 0.01, 0.05, 0.0) -21.8240284829
380 (-15.0, 0.1, 0.05, 0.0) -21.8240927172
381 (-20.0, 0.01, 0.1, 0.05) -21.8389320834
382 (-20.0, 0.01, 0.1, 0.0) -21.8388849874
383 (-20.0, 0.01, 0.05, 0.0) -21.8388372324
384 (-20.0, 0.1, 0.05, 0.0) -21.8389227169
385 (0.01, 0.1, 0.05, 0.0) -21.8049384407
386 (1.0, 1.1, 1.2, -10.0, -15.0) -27.0665324848
387 (1.0, 1.1, 1.2, -10.0, -20.0) -27.0813992143
388 (1.0, 1.1, 1.2, -10.0, 0.01) -27.049414436
389 (1.0, 1.1, 1.2, -10.0, 0.1) -27.0494367791
390 (1.0, 1.1, 1.2, -10.0, 0.05) -27.0494241821
391 (1.0, 1.1, 1.2, -10.0, 0.0) -27.0494120455
392 (1.0, 1.1, 1.2, -15.0, -20.0) -27.0898775088
393 (1.0, 1.1, 1.2, -15.0, 0.01) -27.0615053712
394 (1.0, 1.1, 1.2, -15.0, 0.1) -27.0615436745
395 (1.0, 1.1, 1.2, -15.0, 0.05) -27.0615222111
396 (1.0, 1.1, 1.2, -15.0, 0.0) -27.0615012071
397 (1.0, 1.1, 1.2, -20.0, 0.01) -27.0781675582
398 (1.0, 1.1, 1.2, -20.0, 0.1) -27.078221791
399 (1.0, 1.1, 1.2, -20.0, 0.05) -27.0781914783
400 (1.0, 1.1, 1.2, -20.0, 0.0) -27.078161624
401 (1.0, 1.1, 1.2, 0.01, 0.1) -27.0390105607
402 (1.0, 1.1, 1.2, 0.01, 0.05) -27.039015758
403 (1.0, 1.1, 1.2, 0.01, 0.0) -27.0390214164
404 (1.0, 1.1, 1.2, 0.1, 0.05) -27.0390059428
405 (1.0, 1.1, 1.2, 0.1, 0.0) -27.0390117613
406 (1.0, 1.1, 1.2, 0.05, 0.0) -27.0390169408
407 (1.0, 1.1, -10.0, -15.0, -20.0) -27.0857201797
408 (1.0, 1.1, -10.0, -15.0, 0.01) -27.0654302222
409 (1.0, 1.1, -10.0, -15.0, 0.1) -27.0655045117
410 (1.0, 1.1, -10.0, -15.0, 0.05) -27.0654630564
411 (1.0, 1.1, -10.0, -15.0, 0.0) -27.0654220594
412 (1.0, 1.1, -10.0, -20.0, 0.01) -27.0800852002
413 (1.0, 1.1, -10.0, -20.0, 0.1) -27.0801755312
414 (1.0, 1.1, -10.0, -20.0, 0.05) -27.0801251645
415 (1.0, 1.1, -10.0, -20.0, 0.0) -27.0800752549
416 (1.0, 1.1, -10.0, 0.01, 0.1) -27.0489742425
417 (1.0, 1.1, -10.0, 0.01, 0.05) -27.048959528
418 (1.0, 1.1, -10.0, 0.01, 0.0) -27.0489452738
419 (1.0, 1.1, -10.0, 0.1, 0.05) -27.0489855545
420 (1.0, 1.1, -10.0, 0.1, 0.0) -27.0489714605
421 (1.0, 1.1, -10.0, 0.05, 0.0) -27.0489567282
422 (1.0, 1.1, -15.0, -20.0, 0.01) -27.088349883
423 (1.0, 1.1, -15.0, -20.0, 0.1) -27.0884563915
424 (1.0, 1.1, -15.0, -20.0, 0.05) -27.0883970378
425 (1.0, 1.1, -15.0, -20.0, 0.0) -27.0883381399
426 (1.0, 1.1, -15.0, 0.01, 0.1) -27.0608702863
427 (1.0, 1.1, -15.0, 0.01, 0.05) -27.0608467025
428 (1.0, 1.1, -15.0, 0.01, 0.0) -27.0608235783
429 (1.0, 1.1, -15.0, 0.1, 0.05) -27.0608886942
430 (1.0, 1.1, -15.0, 0.1, 0.0) -27.0608657303
431 (1.0, 1.1, -15.0, 0.05, 0.0) -27.0608421287
432 (1.0, 1.1, -20.0, 0.01, 0.1) -27.0773379999
433 (1.0, 1.1, -20.0, 0.01, 0.05) -27.0773055624
434 (1.0, 1.1, -20.0, 0.01, 0.0) -27.0772735831
435 (1.0, 1.1, -20.0, 0.1, 0.05) -27.0773634914
436 (1.0, 1.1, -20.0, 0.1, 0.0) -27.0773316729
437 (1.0, 1.1, -20.0, 0.05, 0.0) -27.0772992175
438 (1.0, 1.1, 0.01, 0.1, 0.05) -27.038968422
439 (1.0, 1.1, 0.01, 0.1, 0.0) -27.0389721232
440 (1.0, 1.1, 0.01, 0.05, 0.0) -27.0389751853
441 (1.0, 1.1, 0.1, 0.05, 0.0) -27.0389692133
442 (1.0, 1.2, -10.0, -15.0, -20.0) -27.0858991273
443 (1.0, 1.2, -10.0, -15.0, 0.01) -27.0655367643
444 (1.0, 1.2, -10.0, -15.0, 0.1) -27.0656107297
445 (1.0, 1.2, -10.0, -15.0, 0.05) -27.0655694545
446 (1.0, 1.2, -10.0, -15.0, 0.0) -27.0655286375
447 (1.0, 1.2, -10.0, -20.0, 0.01) -27.0802095272
448 (1.0, 1.2, -10.0, -20.0, 0.1) -27.0802995324
449 (1.0, 1.2, -10.0, -20.0, 0.05) -27.0802493467
450 (1.0, 1.2, -10.0, -20.0, 0.0) -27.0801996181
451 (1.0, 1.2, -10.0, 0.01, 0.1) -27.0490270274
452 (1.0, 1.2, -10.0, 0.01, 0.05) -27.0490124909
453 (1.0, 1.2, -10.0, 0.01, 0.0) -27.0489984148
454 (1.0, 1.2, -10.0, 0.1, 0.05) -27.049038197
455 (1.0, 1.2, -10.0, 0.1, 0.0) -27.049024281
456 (1.0, 1.2, -10.0, 0.05, 0.0) -27.0490097267
457 (1.0, 1.2, -15.0, -20.0, 0.01) -27.0884921647
458 (1.0, 1.2, -15.0, -20.0, 0.1) -27.088598345
459 (1.0, 1.2, -15.0, -20.0, 0.05) -27.0885391736
460 (1.0, 1.2, -15.0, -20.0, 0.0) -27.0884804581
461 (1.0, 1.2, -15.0, 0.01, 0.1) -27.0609407753
462 (1.0, 1.2, -15.0, 0.01, 0.05) -27.0609173699
463 (1.0, 1.2, -15.0, 0.01, 0.0) -27.0608944239
464 (1.0, 1.2, -15.0, 0.1, 0.05) -27.0609590406
465 (1.0, 1.2, -15.0, 0.1, 0.0) -27.060936255
466 (1.0, 1.2, -15.0, 0.05, 0.0) -27.0609128317
467 (1.0, 1.2, -20.0, 0.01, 0.1) -27.0774261519
468 (1.0, 1.2, -20.0, 0.01, 0.05) -27.0773938931
469 (1.0, 1.2, -20.0, 0.01, 0.0) -27.0773620925
470 (1.0, 1.2, -20.0, 0.1, 0.05) -27.0774515004
471 (1.0, 1.2, -20.0, 0.1, 0.0) -27.0774198606
472 (1.0, 1.2, -20.0, 0.05, 0.0) -27.0773875839
473 (1.0, 1.2, 0.01, 0.1, 0.05) -27.038985506
474 (1.0, 1.2, 0.01, 0.1, 0.0) -27.0389893851
475 (1.0, 1.2, 0.01, 0.05, 0.0) -27.0389926251
476 (1.0, 1.2, 0.1, 0.05, 0.0) -27.0389863329
477 (1.0, -10.0, -15.0, -20.0, 0.01) -27.0838874325
478 (1.0, -10.0, -15.0, -20.0, 0.1) -27.0840305874
479 (1.0, -10.0, -15.0, -20.0, 0.05) -27.0839508753
480 (1.0, -10.0, -15.0, -20.0, 0.0) -27.0838716172
481 (1.0, -10.0, -15.0, 0.01, 0.1) -27.0644656114
482 (1.0, -10.0, -15.0, 0.01, 0.05) -27.0644221925
483 (1.0, -10.0, -15.0, 0.01, 0.0) -27.0643792319
484 (1.0, -10.0, -15.0, 0.1, 0.05) -27.0644998868
485 (1.0, -10.0, -15.0, 0.1, 0.0) -27.0644570884
486 (1.0, -10.0, -15.0, 0.05, 0.0) -27.0644136515
487 (1.0, -10.0, -20.0, 0.01, 0.1) -27.0789424413
488 (1.0, -10.0, -20.0, 0.01, 0.05) -27.0788901007
489 (1.0, -10.0, -20.0, 0.01, 0.0) -27.078838217
490 (1.0, -10.0, -20.0, 0.1, 0.05) -27.0789838543
491 (1.0, -10.0, -20.0, 0.1, 0.0) -27.0789321337
492 (1.0, -10.0, -20.0, 0.05, 0.0) -27.078879775
493 (1.0, -10.0, 0.01, 0.1, 0.05) -27.0485311728
494 (1.0, -10.0, 0.01, 0.1, 0.0) -27.0485151381
495 (1.0, -10.0, 0.01, 0.05, 0.0) -27.048498465
496 (1.0, -10.0, 0.1, 0.05, 0.0) -27.0485280169
497 (1.0, -15.0, -20.0, 0.01, 0.1) -27.0870273284
498 (1.0, -15.0, -20.0, 0.01, 0.05) -27.0869659861
499 (1.0, -15.0, -20.0, 0.01, 0.0) -27.0869050997
500 (1.0, -15.0, -20.0, 0.1, 0.05) -27.0870759426
501 (1.0, -15.0, -20.0, 0.1, 0.0) -27.0870152204
502 (1.0, -15.0, -20.0, 0.05, 0.0) -27.0869538599
503 (1.0, -15.0, 0.01, 0.1, 0.05) -27.0602410976
504 (1.0, -15.0, 0.01, 0.1, 0.0) -27.0602161899
505 (1.0, -15.0, 0.01, 0.05, 0.0) -27.0601906443
506 (1.0, -15.0, 0.1, 0.05, 0.0) -27.0602361671
507 (1.0, -20.0, 0.01, 0.1, 0.05) -27.0765230509
508 (1.0, -20.0, 0.01, 0.1, 0.0) -27.0764892838
509 (1.0, -20.0, 0.01, 0.05, 0.0) -27.0764548797
510 (1.0, -20.0, 0.1, 0.05, 0.0) -27.0765163484
511 (1.0, 0.01, 0.1, 0.05, 0.0) -27.0389022317
512 (1.1, 1.2, -10.0, -15.0, -20.0) -27.0860755134
513 (1.1, 1.2, -10.0, -15.0, 0.01) -27.0656407527
514 (1.1, 1.2, -10.0, -15.0, 0.1) -27.0657143942
515 (1.1, 1.2, -10.0, -15.0, 0.05) -27.0656732989
516 (1.1, 1.2, -10.0, -15.0, 0.0) -27.065632662
517 (1.1, 1.2, -10.0, -20.0, 0.01) -27.0803313022
518 (1.1, 1.2, -10.0, -20.0, 0.1) -27.0804209817
519 (1.1, 1.2, -10.0, -20.0, 0.05) -27.080370977
520 (1.1, 1.2, -10.0, -20.0, 0.0) -27.0803214293
521 (1.1, 1.2, -10.0, 0.01, 0.1) -27.0490772587
522 (1.1, 1.2, -10.0, 0.01, 0.05) -27.0490629002
523 (1.1, 1.2, -10.0, 0.01, 0.0) -27.049049002
524 (1.1, 1.2, -10.0, 0.1, 0.05) -27.0490882859
525 (1.1, 1.2, -10.0, 0.1, 0.0) -27.0490745479
526 (1.1, 1.2, -10.0, 0.05, 0.0) -27.0490601716
527 (1.1, 1.2, -15.0, -20.0, 0.01) -27.0886318936
528 (1.1, 1.2, -15.0, -20.0, 0.1) -27.0887377459
529 (1.1, 1.2, -15.0, -20.0, 0.05) -27.0886787567
530 (1.1, 1.2, -15.0, -20.0, 0.0) -27.0886202234
531 (1.1, 1.2, -15.0, 0.01, 0.1) -27.0610087133
532 (1.1, 1.2, -15.0, 0.01, 0.05) -27.0609854861
533 (1.1, 1.2, -15.0, 0.01, 0.0) -27.0609627184
534 (1.1, 1.2, -15.0, 0.1, 0.05) -27.061026836
535 (1.1, 1.2, -15.0, 0.1, 0.0) -27.0610042286
536 (1.1, 1.2, -15.0, 0.05, 0.0) -27.0609809836
537 (1.1, 1.2, -20.0, 0.01, 0.1) -27.0775117561
538 (1.1, 1.2, -20.0, 0.01, 0.05) -27.0774796759
539 (1.1, 1.2, -20.0, 0.01, 0.0) -27.0774480541
540 (1.1, 1.2, -20.0, 0.1, 0.05) -27.0775369617
541 (1.1, 1.2, -20.0, 0.1, 0.0) -27.0775055005
542 (1.1, 1.2, -20.0, 0.05, 0.0) -27.0774734025
543 (1.1, 1.2, 0.01, 0.1, 0.05) -27.0390000338
544 (1.1, 1.2, 0.01, 0.1, 0.0) -27.0390040908
545 (1.1, 1.2, 0.01, 0.05, 0.0) -27.0390075088
546 (1.1, 1.2, 0.1, 0.05, 0.0) -27.0390008964
547 (1.1, -10.0, -15.0, -20.0, 0.01) -27.0840682573
548 (1.1, -10.0, -15.0, -20.0, 0.1) -27.0842110762
549 (1.1, -10.0, -15.0, -20.0, 0.05) -27.0841315507
550 (1.1, -10.0, -15.0, -20.0, 0.0) -27.0840524793
551 (1.1, -10.0, -15.0, 0.01, 0.1) -27.0645735656
552 (1.1, -10.0, -15.0, 0.01, 0.05) -27.0645303271
553 (1.1, -10.0, -15.0, 0.01, 0.0) -27.0644875468
554 (1.1, -10.0, -15.0, 0.1, 0.05) -27.0646076968
555 (1.1, -10.0, -15.0, 0.1, 0.0) -27.0645650787
556 (1.1, -10.0, -15.0, 0.05, 0.0) -27.0645218221
557 (1.1, -10.0, -20.0, 0.01, 0.1) -27.0790682032
558 (1.1, -10.0, -20.0, 0.01, 0.05) -27.079016044
559 (1.1, -10.0, -20.0, 0.01, 0.0) -27.0789643416
560 (1.1, -10.0, -20.0, 0.1, 0.05) -27.0791094712
561 (1.1, -10.0, -20.0, 0.1, 0.0) -27.0790579319
562 (1.1, -10.0, -20.0, 0.05, 0.0) -27.0790057545
563 (1.1, -10.0, 0.01, 0.1, 0.05) -27.0485855004
564 (1.1, -10.0, 0.01, 0.1, 0.0) -27.0485696438
565 (1.1, -10.0, 0.01, 0.05, 0.0) -27.0485531489
566 (1.1, -10.0, 0.1, 0.05, 0.0) -27.0485823801
567 (1.1, -15.0, -20.0, 0.01, 0.1) -27.0871710739
568 (1.1, -15.0, -20.0, 0.01, 0.05) -27.0871099144
569 (1.1, -15.0, -20.0, 0.01, 0.0) -27.0870492106
570 (1.1, -15.0, -20.0, 0.1, 0.05) -27.087219542
571 (1.1, -15.0, -20.0, 0.1, 0.0) -27.0871590025
572 (1.1, -15.0, -20.0, 0.05, 0.0) -27.0870978247
573 (1.1, -15.0, 0.01, 0.1, 0.05) -27.0603131389
574 (1.1, -15.0, 0.01, 0.1, 0.0) -27.0602884096
575 (1.1, -15.0, 0.01, 0.05, 0.0) -27.0602630426
576 (1.1, -15.0, 0.1, 0.05, 0.0) -27.0603082441
577 (1.1, -20.0, 0.01, 0.1, 0.05) -27.0766127687
578 (1.1, -20.0, 0.01, 0.1, 0.0) -27.0765791806
579 (1.1, -20.0, 0.01, 0.05, 0.0) -27.0765449554
580 (1.1, -20.0, 0.1, 0.05, 0.0) -27.0766061021
581 (1.1, 0.01, 0.1, 0.05, 0.0) -27.0389210297
582 (1.2, -10.0, -15.0, -20.0, 0.01) -27.0842508975
583 (1.2, -10.0, -15.0, -20.0, 0.1) -27.0843933805
584 (1.2, -10.0, -15.0, -20.0, 0.05) -27.0843140417
585 (1.2, -10.0, -15.0, -20.0, 0.0) -27.0842351569
586 (1.2, -10.0, -15.0, 0.01, 0.1) -27.0646833524
587 (1.2, -10.0, -15.0, 0.01, 0.05) -27.0646402942
588 (1.2, -10.0, -15.0, 0.01, 0.0) -27.0645976943
589 (1.2, -10.0, -15.0, 0.1, 0.05) -27.0647173393
590 (1.2, -10.0, -15.0, 0.1, 0.0) -27.0646749015
591 (1.2, -10.0, -15.0, 0.05, 0.0) -27.0646318253
592 (1.2, -10.0, -20.0, 0.01, 0.1) -27.0791957922
593 (1.2, -10.0, -20.0, 0.01, 0.05) -27.0791438142
594 (1.2, -10.0, -20.0, 0.01, 0.0) -27.0790922932
595 (1.2, -10.0, -20.0, 0.1, 0.05) -27.0792369152
596 (1.2, -10.0, -20.0, 0.1, 0.0) -27.0791855572
597 (1.2, -10.0, -20.0, 0.05, 0.0) -27.0791335611
598 (1.2, -10.0, 0.01, 0.1, 0.05) -27.0486416692
599 (1.2, -10.0, 0.01, 0.1, 0.0) -27.0486259907
600 (1.2, -10.0, 0.01, 0.05, 0.0) -27.0486096739
601 (1.2, -10.0, 0.1, 0.05, 0.0) -27.0486385845
602 (1.2, -15.0, -20.0, 0.01, 0.1) -27.087316642
603 (1.2, -15.0, -20.0, 0.01, 0.05) -27.0872556651
604 (1.2, -15.0, -20.0, 0.01, 0.0) -27.087195144
605 (1.2, -15.0, -20.0, 0.1, 0.05) -27.0873649639
606 (1.2, -15.0, -20.0, 0.1, 0.0) -27.0873046071
607 (1.2, -15.0, -20.0, 0.05, 0.0) -27.087243612
608 (1.2, -15.0, 0.01, 0.1, 0.05) -27.0603870177
609 (1.2, -15.0, 0.01, 0.1, 0.0) -27.0603624668
610 (1.2, -15.0, 0.01, 0.05, 0.0) -27.0603372782
611 (1.2, -15.0, 0.1, 0.05, 0.0) -27.0603821585
612 (1.2, -20.0, 0.01, 0.1, 0.05) -27.0767043189
613 (1.2, -20.0, 0.01, 0.1, 0.0) -27.0766709097
614 (1.2, -20.0, 0.01, 0.05, 0.0) -27.0766368634
615 (1.2, -20.0, 0.1, 0.05, 0.0) -27.076697688
616 (1.2, 0.01, 0.1, 0.05, 0.0) -27.038941672
617 (-10.0, -15.0, -20.0, 0.01, 0.1) -27.0823417092
618 (-10.0, -15.0, -20.0, 0.01, 0.05) -27.0822601479
619 (-10.0, -15.0, -20.0, 0.01, 0.0) -27.0821790406
620 (-10.0, -15.0, -20.0, 0.1, 0.05) -27.0824064968
621 (-10.0, -15.0, -20.0, 0.1, 0.0) -27.0823255577
622 (-10.0, -15.0, -20.0, 0.05, 0.0) -27.0822439777
623 (-10.0, -15.0, 0.01, 0.1, 0.05) -27.0635314515
624 (-10.0, -15.0, 0.01, 0.1, 0.0) -27.0634868671
625 (-10.0, -15.0, 0.01, 0.05, 0.0) -27.063441644
626 (-10.0, -15.0, 0.1, 0.05, 0.0) -27.0635225857
627 (-10.0, -20.0, 0.01, 0.1, 0.05) -27.0778388336
628 (-10.0, -20.0, 0.01, 0.1, 0.0) -27.0777853172
629 (-10.0, -20.0, 0.01, 0.05, 0.0) -27.0777311624
630 (-10.0, -20.0, 0.1, 0.05, 0.0) -27.0778281814
631 (-10.0, 0.01, 0.1, 0.05, 0.0) -27.0480891674
632 (-15.0, -20.0, 0.01, 0.1, 0.05) -27.0857526478
633 (-15.0, -20.0, 0.01, 0.1, 0.0) -27.0856901161
634 (-15.0, -20.0, 0.01, 0.05, 0.0) -27.0856269458
635 (-15.0, -20.0, 0.1, 0.05, 0.0) -27.0857401925
636 (-15.0, 0.01, 0.1, 0.05, 0.0) -27.0596217459
637 (-20.0, 0.01, 0.1, 0.05, 0.0) -27.075726658
638 (1.0, 1.1, 1.2, -10.0, -15.0, -20.0) -32.3030084059
639 (1.0, 1.1, 1.2, -10.0, -15.0, 0.01) -32.2762581293
640 (1.0, 1.1, 1.2, -10.0, -15.0, 0.1) -32.2763158547
641 (1.0, 1.1, 1.2, -10.0, -15.0, 0.05) -32.2762835878
642 (1.0, 1.1, 1.2, -10.0, -15.0, 0.0) -32.276251814
643 (1.0, 1.1, 1.2, -10.0, -20.0, 0.01) -32.2925390464
644 (1.0, 1.1, 1.2, -10.0, -20.0, 0.1) -32.2926096321
645 (1.0, 1.1, 1.2, -10.0, -20.0, 0.05) -32.2925702215
646 (1.0, 1.1, 1.2, -10.0, -20.0, 0.0) -32.2925313017
647 (1.0, 1.1, 1.2, -10.0, 0.01, 0.1) -32.256914649
648 (1.0, 1.1, 1.2, -10.0, 0.01, 0.05) -32.2569041555
649 (1.0, 1.1, 1.2, -10.0, 0.01, 0.0) -32.2568941585
650 (1.0, 1.1, 1.2, -10.0, 0.1, 0.05) -32.2569225812
651 (1.0, 1.1, 1.2, -10.0, 0.1, 0.0) -32.2569127155
652 (1.0, 1.1, 1.2, -10.0, 0.05, 0.0) -32.2569022075
653 (1.0, 1.1, 1.2, -15.0, -20.0, 0.01) -32.302404938
654 (1.0, 1.1, 1.2, -15.0, -20.0, 0.1) -32.3024884993
655 (1.0, 1.1, 1.2, -15.0, -20.0, 0.05) -32.3024418807
656 (1.0, 1.1, 1.2, -15.0, -20.0, 0.0) -32.3023957512
657 (1.0, 1.1, 1.2, -15.0, 0.01, 0.1) -32.2698020114
658 (1.0, 1.1, 1.2, -15.0, 0.01, 0.05) -32.2697842922
659 (1.0, 1.1, 1.2, -15.0, 0.01, 0.0) -32.2697670676
660 (1.0, 1.1, 1.2, -15.0, 0.1, 0.05) -32.2698157258
661 (1.0, 1.1, 1.2, -15.0, 0.1, 0.0) -32.2697986323
662 (1.0, 1.1, 1.2, -15.0, 0.05, 0.0) -32.2697808985
663 (1.0, 1.1, 1.2, -20.0, 0.01, 0.1) -32.287574678
664 (1.0, 1.1, 1.2, -20.0, 0.01, 0.05) -32.2875498035
665 (1.0, 1.1, 1.2, -20.0, 0.01, 0.0) -32.2875254211
666 (1.0, 1.1, 1.2, -20.0, 0.1, 0.05) -32.2875941185
667 (1.0, 1.1, 1.2, -20.0, 0.1, 0.0) -32.2875698671
668 (1.0, 1.1, 1.2, -20.0, 0.05, 0.0) -32.287544978
669 (1.0, 1.1, 1.2, 0.01, 0.1, 0.05) -32.245968876
670 (1.0, 1.1, 1.2, 0.01, 0.1, 0.0) -32.2459736127
671 (1.0, 1.1, 1.2, 0.01, 0.05, 0.0) -32.2459777052
672 (1.0, 1.1, 1.2, 0.1, 0.05, 0.0) -32.2459698749
673 (1.0, 1.1, -10.0, -15.0, -20.0, 0.01) -32.3013811575
674 (1.0, 1.1, -10.0, -15.0, -20.0, 0.1) -32.3014945725
675 (1.0, 1.1, -10.0, -15.0, -20.0, 0.05) -32.3014313691
676 (1.0, 1.1, -10.0, -15.0, -20.0, 0.0) -32.3013686534
677 (1.0, 1.1, -10.0, -15.0, 0.01, 0.1) -32.2753850014
678 (1.0, 1.1, -10.0, -15.0, 0.01, 0.05) -32.2753509838
679 (1.0, 1.1, -10.0, -15.0, 0.01, 0.0) -32.2753174594
680 (1.0, 1.1, -10.0, -15.0, 0.1, 0.05) -32.2754117545
681 (1.0, 1.1, -10.0, -15.0, 0.1, 0.0) -32.2753783624
682 (1.0, 1.1, -10.0, -15.0, 0.05, 0.0) -32.2753443301
683 (1.0, 1.1, -10.0, -20.0, 0.01, 0.1) -32.2915092802
684 (1.0, 1.1, -10.0, -20.0, 0.01, 0.05) -32.2914681151
685 (1.0, 1.1, -10.0, -20.0, 0.01, 0.0) -32.2914274408
686 (1.0, 1.1, -10.0, -20.0, 0.1, 0.05) -32.2915417527
687 (1.0, 1.1, -10.0, -20.0, 0.1, 0.0) -32.2915012111
688 (1.0, 1.1, -10.0, -20.0, 0.05, 0.0) -32.2914600313
689 (1.0, 1.1, -10.0, 0.01, 0.1, 0.05) -32.2565107744
690 (1.0, 1.1, -10.0, 0.01, 0.1, 0.0) -32.2564991717
691 (1.0, 1.1, -10.0, 0.01, 0.05, 0.0) -32.2564869266
692 (1.0, 1.1, -10.0, 0.1, 0.05, 0.0) -32.2565085053
693 (1.0, 1.1, -15.0, -20.0, 0.01, 0.1) -32.3012167975
694 (1.0, 1.1, -15.0, -20.0, 0.01, 0.05) -32.3011684147
695 (1.0, 1.1, -15.0, -20.0, 0.01, 0.0) -32.301120521
696 (1.0, 1.1, -15.0, -20.0, 0.1, 0.05) -32.3012550448
697 (1.0, 1.1, -15.0, -20.0, 0.1, 0.0) -32.3012072846
698 (1.0, 1.1, -15.0, -20.0, 0.05, 0.0) -32.301158887
699 (1.0, 1.1, -15.0, 0.01, 0.1, 0.05) -32.2692324563
700 (1.0, 1.1, -15.0, 0.01, 0.1, 0.0) -32.2692136274
701 (1.0, 1.1, -15.0, 0.01, 0.05, 0.0) -32.2691941581
702 (1.0, 1.1, -15.0, 0.1, 0.05, 0.0) -32.2692287417
703 (1.0, 1.1, -20.0, 0.01, 0.1, 0.05) -32.2868412079
704 (1.0, 1.1, -20.0, 0.01, 0.1, 0.0) -32.2868152228
705 (1.0, 1.1, -20.0, 0.01, 0.05, 0.0) -32.2867885997
706 (1.0, 1.1, -20.0, 0.1, 0.05, 0.0) -32.2868360619
707 (1.0, 1.1, 0.01, 0.1, 0.05, 0.0) -32.2459047398
708 (1.0, 1.2, -10.0, -15.0, -20.0, 0.01) -32.3015318382
709 (1.0, 1.2, -10.0, -15.0, -20.0, 0.1) -32.3016449798
710 (1.0, 1.2, -10.0, -15.0, -20.0, 0.05) -32.3015819283
711 (1.0, 1.2, -10.0, -15.0, -20.0, 0.0) -32.3015193644
712 (1.0, 1.2, -10.0, -15.0, 0.01, 0.1) -32.2754771836
713 (1.0, 1.2, -10.0, -15.0, 0.01, 0.05) -32.2754433134
714 (1.0, 1.2, -10.0, -15.0, 0.01, 0.0) -32.2754099363
715 (1.0, 1.2, -10.0, -15.0, 0.1, 0.05) -32.2755038188
716 (1.0, 1.2, -10.0, -15.0, 0.1, 0.0) -32.2754705741
717 (1.0, 1.2, -10.0, -15.0, 0.05, 0.0) -32.2754366892
718 (1.0, 1.2, -10.0, -20.0, 0.01, 0.1) -32.2916156612
719 (1.0, 1.2, -10.0, -20.0, 0.01, 0.05) -32.2915746439
720 (1.0, 1.2, -10.0, -20.0, 0.01, 0.0) -32.2915341174
721 (1.0, 1.2, -10.0, -20.0, 0.1, 0.05) -32.2916480156
722 (1.0, 1.2, -10.0, -20.0, 0.1, 0.0) -32.2916076217
723 (1.0, 1.2, -10.0, -20.0, 0.05, 0.0) -32.2915665897
724 (1.0, 1.2, -10.0, 0.01, 0.1, 0.05) -32.2565593858
725 (1.0, 1.2, -10.0, 0.01, 0.1, 0.0) -32.2565479292
726 (1.0, 1.2, -10.0, 0.01, 0.05, 0.0) -32.2565358301
727 (1.0, 1.2, -10.0, 0.1, 0.05, 0.0) -32.2565571459
728 (1.0, 1.2, -15.0, -20.0, 0.01, 0.1) -32.3013375602
729 (1.0, 1.2, -15.0, -20.0, 0.01, 0.05) -32.301289326
730 (1.0, 1.2, -15.0, -20.0, 0.01, 0.0) -32.301241581
731 (1.0, 1.2, -15.0, -20.0, 0.1, 0.05) -32.3013756887
732 (1.0, 1.2, -15.0, -20.0, 0.1, 0.0) -32.301328077
733 (1.0, 1.2, -15.0, -20.0, 0.05, 0.0) -32.301279828
734 (1.0, 1.2, -15.0, 0.01, 0.1, 0.05) -32.2692954328
735 (1.0, 1.2, -15.0, 0.01, 0.1, 0.0) -32.2692767499
736 (1.0, 1.2, -15.0, 0.01, 0.05, 0.0) -32.2692574266
737 (1.0, 1.2, -15.0, 0.1, 0.05, 0.0) -32.2692917474
738 (1.0, 1.2, -20.0, 0.01, 0.1, 0.05) -32.2869183839
739 (1.0, 1.2, -20.0, 0.01, 0.1, 0.0) -32.2868925446
740 (1.0, 1.2, -20.0, 0.01, 0.05, 0.0) -32.2868660675
741 (1.0, 1.2, -20.0, 0.1, 0.05, 0.0) -32.2869132671
742 (1.0, 1.2, 0.01, 0.1, 0.05, 0.0) -32.2459242585
743 (1.0, -10.0, -15.0, -20.0, 0.01, 0.1) -32.2999815836
744 (1.0, -10.0, -15.0, -20.0, 0.01, 0.05) -32.2999167245
745 (1.0, -10.0, -15.0, -20.0, 0.01, 0.0) -32.2998523531
746 (1.0, -10.0, -15.0, -20.0, 0.1, 0.05) -32.3000330103
747 (1.0, -10.0, -15.0, -20.0, 0.1, 0.0) -32.2999687757
748 (1.0, -10.0, -15.0, -20.0, 0.05, 0.0) -32.2999039014
749 (1.0, -10.0, -15.0, 0.01, 0.1, 0.05) -32.274536139
750 (1.0, -10.0, -15.0, 0.01, 0.1, 0.0) -32.2745011408
751 (1.0, -10.0, -15.0, 0.01, 0.05, 0.0) -32.274465502
752 (1.0, -10.0, -15.0, 0.1, 0.05, 0.0) -32.2745291906
753 (1.0, -10.0, -20.0, 0.01, 0.1, 0.05) -32.2905107477
754 (1.0, -10.0, -20.0, 0.01, 0.1, 0.0) -32.290468596
755 (1.0, -10.0, -20.0, 0.01, 0.05, 0.0) -32.2904258057
756 (1.0, -10.0, -20.0, 0.1, 0.05, 0.0) -32.2905023685
757 (1.0, -10.0, 0.01, 0.1, 0.05, 0.0) -32.256107096
758 (1.0, -15.0, -20.0, 0.01, 0.1, 0.05) -32.3000668569
759 (1.0, -15.0, -20.0, 0.01, 0.1, 0.0) -32.3000174771
760 (1.0, -15.0, -20.0, 0.01, 0.05, 0.0) -32.2999674596
761 (1.0, -15.0, -20.0, 0.1, 0.05, 0.0) -32.300057032
762 (1.0, -15.0, 0.01, 0.1, 0.05, 0.0) -32.2686702582
763 (1.0, -20.0, 0.01, 0.1, 0.05, 0.0) -32.2861221609
764 (1.1, 1.2, -10.0, -15.0, -20.0, 0.01) -32.3016799604
765 (1.1, 1.2, -10.0, -15.0, -20.0, 0.1) -32.3017928289
766 (1.1, 1.2, -10.0, -15.0, -20.0, 0.05) -32.3017299291
767 (1.1, 1.2, -10.0, -15.0, -20.0, 0.0) -32.301667517
768 (1.1, 1.2, -10.0, -15.0, 0.01, 0.1) -32.2755668038
769 (1.1, 1.2, -10.0, -15.0, 0.01, 0.05) -32.2755330809
770 (1.1, 1.2, -10.0, -15.0, 0.01, 0.0) -32.2754998512
771 (1.1, 1.2, -10.0, -15.0, 0.1, 0.05) -32.2755933212
772 (1.1, 1.2, -10.0, -15.0, 0.1, 0.0) -32.2755602238
773 (1.1, 1.2, -10.0, -15.0, 0.05, 0.0) -32.2755264862
774 (1.1, 1.2, -10.0, -20.0, 0.01, 0.1) -32.2917194884
775 (1.1, 1.2, -10.0, -20.0, 0.01, 0.05) -32.2916786188
776 (1.1, 1.2, -10.0, -20.0, 0.01, 0.0) -32.2916382399
777 (1.1, 1.2, -10.0, -20.0, 0.1, 0.05) -32.2917517247
778 (1.1, 1.2, -10.0, -20.0, 0.1, 0.0) -32.2917114784
779 (1.1, 1.2, -10.0, -20.0, 0.05, 0.0) -32.291670594
780 (1.1, 1.2, -10.0, 0.01, 0.1, 0.05) -32.256605427
781 (1.1, 1.2, -10.0, 0.01, 0.1, 0.0) -32.2565941164
782 (1.1, 1.2, -10.0, 0.01, 0.05, 0.0) -32.2565821634
783 (1.1, 1.2, -10.0, 0.1, 0.05, 0.0) -32.2566032162
784 (1.1, 1.2, -15.0, -20.0, 0.01, 0.1) -32.3014557722
785 (1.1, 1.2, -15.0, -20.0, 0.01, 0.05) -32.3014076865
786 (1.1, 1.2, -15.0, -20.0, 0.01, 0.0) -32.3013600899
787 (1.1, 1.2, -15.0, -20.0, 0.1, 0.05) -32.3014937818
788 (1.1, 1.2, -15.0, -20.0, 0.1, 0.0) -32.3014463187
789 (1.1, 1.2, -15.0, -20.0, 0.05, 0.0) -32.3013982182
790 (1.1, 1.2, -15.0, 0.01, 0.1, 0.05) -32.2693558469
791 (1.1, 1.2, -15.0, 0.01, 0.1, 0.0) -32.2693373099
792 (1.1, 1.2, -15.0, 0.01, 0.05, 0.0) -32.2693181326
793 (1.1, 1.2, -15.0, 0.1, 0.05, 0.0) -32.2693521907
794 (1.1, 1.2, -20.0, 0.01, 0.1, 0.05) -32.2869930077
795 (1.1, 1.2, -20.0, 0.01, 0.1, 0.0) -32.2869673143
796 (1.1, 1.2, -20.0, 0.01, 0.05, 0.0) -32.2869409831
797 (1.1, 1.2, -20.0, 0.1, 0.05, 0.0) -32.2869879201
798 (1.1, 1.2, 0.01, 0.1, 0.05, 0.0) -32.2459412
799 (1.1, -10.0, -15.0, -20.0, 0.01, 0.1) -32.3001330568
800 (1.1, -10.0, -15.0, -20.0, 0.01, 0.05) -32.30006835
801 (1.1, -10.0, -15.0, -20.0, 0.01, 0.0) -32.300004131
802 (1.1, -10.0, -15.0, -20.0, 0.1, 0.05) -32.3001843617
803 (1.1, -10.0, -15.0, -20.0, 0.1, 0.0) -32.3001202794
804 (1.1, -10.0, -15.0, -20.0, 0.05, 0.0) -32.3000555574
805 (1.1, -10.0, -15.0, 0.01, 0.1, 0.05) -32.2746291545
806 (1.1, -10.0, -15.0, 0.01, 0.1, 0.0) -32.2745943039
807 (1.1, -10.0, -15.0, 0.01, 0.05, 0.0) -32.2745588128
808 (1.1, -10.0, -15.0, 0.1, 0.05, 0.0) -32.2746222356
809 (1.1, -10.0, -20.0, 0.01, 0.1, 0.05) -32.2906179793
810 (1.1, -10.0, -20.0, 0.01, 0.1, 0.0) -32.2905759755
811 (1.1, -10.0, -20.0, 0.01, 0.05, 0.0) -32.2905333333
812 (1.1, -10.0, -20.0, 0.1, 0.05, 0.0) -32.2906096296
813 (1.1, -10.0, 0.01, 0.1, 0.05, 0.0) -32.2561566457
814 (1.1, -15.0, -20.0, 0.01, 0.1, 0.05) -32.3001884938
815 (1.1, -15.0, -20.0, 0.01, 0.1, 0.0) -32.3001392629
816 (1.1, -15.0, -20.0, 0.01, 0.05, 0.0) -32.3000893943
817 (1.1, -15.0, -20.0, 0.1, 0.05, 0.0) -32.3001786987
818 (1.1, -15.0, 0.01, 0.1, 0.05, 0.0) -32.2687341799
819 (1.1, -20.0, 0.01, 0.1, 0.05, 0.0) -32.286200291
820 (1.2, -10.0, -15.0, -20.0, 0.01, 0.1) -32.3002864791
821 (1.2, -10.0, -15.0, -20.0, 0.01, 0.05) -32.3002219247
822 (1.2, -10.0, -15.0, -20.0, 0.01, 0.0) -32.3001578579
823 (1.2, -10.0, -15.0, -20.0, 0.1, 0.05) -32.3003376622
824 (1.2, -10.0, -15.0, -20.0, 0.1, 0.0) -32.3002737321
825 (1.2, -10.0, -15.0, -20.0, 0.05, 0.0) -32.3002091625
826 (1.2, -10.0, -15.0, 0.01, 0.1, 0.05) -32.2747241414
827 (1.2, -10.0, -15.0, 0.01, 0.1, 0.0) -32.2746894385
828 (1.2, -10.0, -15.0, 0.01, 0.05, 0.0) -32.274654095
829 (1.2, -10.0, -15.0, 0.1, 0.05, 0.0) -32.2747172521
830 (1.2, -10.0, -20.0, 0.01, 0.1, 0.05) -32.2907271726
831 (1.2, -10.0, -20.0, 0.01, 0.1, 0.0) -32.2906853168
832 (1.2, -10.0, -20.0, 0.01, 0.05, 0.0) -32.2906428226
833 (1.2, -10.0, -20.0, 0.1, 0.05, 0.0) -32.2907188525
834 (1.2, -10.0, 0.01, 0.1, 0.05, 0.0) -32.2562081809
835 (1.2, -15.0, -20.0, 0.01, 0.1, 0.05) -32.3003120858
836 (1.2, -15.0, -20.0, 0.01, 0.1, 0.0) -32.3002630038
837 (1.2, -15.0, -20.0, 0.01, 0.05, 0.0) -32.3002132841
838 (1.2, -15.0, -20.0, 0.1, 0.05, 0.0) -32.3003023204
839 (1.2, -15.0, 0.01, 0.1, 0.05, 0.0) -32.2688000793
840 (1.2, -20.0, 0.01, 0.1, 0.05, 0.0) -32.2862803888
841 (-10.0, -15.0, -20.0, 0.01, 0.1, 0.05) -32.2986398327
842 (-10.0, -15.0, -20.0, 0.01, 0.1, 0.0) -32.2985740902
843 (-10.0, -15.0, -20.0, 0.01, 0.05, 0.0) -32.2985077076
844 (-10.0, -15.0, -20.0, 0.1, 0.05, 0.0) -32.2986267354
845 (-10.0, -15.0, 0.01, 0.1, 0.05, 0.0) -32.2737144425
846 (-10.0, -20.0, 0.01, 0.1, 0.05, 0.0) -32.2895463598
847 (-15.0, -20.0, 0.01, 0.1, 0.05, 0.0) -32.2989580495
848 (1.0, 1.1, 1.2, -10.0, -15.0, -20.0, 0.01) -37.4938443877
849 (1.0, 1.1, 1.2, -10.0, -15.0, -20.0, 0.1) -37.4939435034
850 (1.0, 1.1, 1.2, -10.0, -15.0, -20.0, 0.05) -37.493888226
851 (1.0, 1.1, 1.2, -10.0, -15.0, -20.0, 0.0) -37.4938334814
852 (1.0, 1.1, 1.2, -10.0, -15.0, 0.01, 0.1) -37.46212396
853 (1.0, 1.1, 1.2, -10.0, -15.0, 0.01, 0.05) -37.4620944824
854 (1.0, 1.1, 1.2, -10.0, -15.0, 0.01, 0.0) -37.4620655477
855 (1.0, 1.1, 1.2, -10.0, -15.0, 0.1, 0.05) -37.4621470548
856 (1.0, 1.1, 1.2, -10.0, -15.0, 0.1, 0.0) -37.4621182406
857 (1.0, 1.1, 1.2, -10.0, -15.0, 0.05, 0.0) -37.4620887496
858 (1.0, 1.1, 1.2, -10.0, -20.0, 0.01, 0.1) -37.4802043776
859 (1.0, 1.1, 1.2, -10.0, -20.0, 0.01, 0.05) -37.480168631
860 (1.0, 1.1, 1.2, -10.0, -20.0, 0.01, 0.0) -37.4801334222
861 (1.0, 1.1, 1.2, -10.0, -20.0, 0.1, 0.05) -37.4802324916
862 (1.0, 1.1, 1.2, -10.0, -20.0, 0.1, 0.0) -37.4801974028
863 (1.0, 1.1, 1.2, -10.0, -20.0, 0.05, 0.0) -37.480161643
864 (1.0, 1.1, 1.2, -10.0, 0.01, 0.1, 0.05) -37.4401520359
865 (1.0, 1.1, 1.2, -10.0, 0.01, 0.1, 0.0) -37.4401429526
866 (1.0, 1.1, 1.2, -10.0, 0.01, 0.05, 0.0) -37.4401331855
867 (1.0, 1.1, 1.2, -10.0, 0.1, 0.05, 0.0) -37.440150274
868 (1.0, 1.1, 1.2, -15.0, -20.0, 0.01, 0.1) -37.491476903
869 (1.0, 1.1, 1.2, -15.0, -20.0, 0.01, 0.05) -37.4914348148
870 (1.0, 1.1, 1.2, -15.0, -20.0, 0.01, 0.0) -37.491393261
871 (1.0, 1.1, 1.2, -15.0, -20.0, 0.1, 0.05) -37.4915100926
872 (1.0, 1.1, 1.2, -15.0, -20.0, 0.1, 0.0) -37.4914686591
873 (1.0, 1.1, 1.2, -15.0, -20.0, 0.05, 0.0) -37.4914265575
874 (1.0, 1.1, 1.2, -15.0, 0.01, 0.1, 0.05) -37.4543105842
875 (1.0, 1.1, 1.2, -15.0, 0.01, 0.1, 0.0) -37.4542949511
876 (1.0, 1.1, 1.2, -15.0, 0.01, 0.05, 0.0) -37.4542786394
877 (1.0, 1.1, 1.2, -15.0, 0.1, 0.05, 0.0) -37.4543075119
878 (1.0, 1.1, 1.2, -20.0, 0.01, 0.1, 0.05) -37.4737775431
879 (1.0, 1.1, 1.2, -20.0, 0.01, 0.1, 0.0) -37.4737555275
880 (1.0, 1.1, 1.2, -20.0, 0.01, 0.05, 0.0) -37.4737328397
881 (1.0, 1.1, 1.2, -20.0, 0.1, 0.05, 0.0) -37.4737731937
882 (1.0, 1.1, 1.2, 0.01, 0.1, 0.05, 0.0) -37.4281869976
883 (1.0, 1.1, -10.0, -15.0, -20.0, 0.01, 0.1) -37.4924575804
884 (1.0, 1.1, -10.0, -15.0, -20.0, 0.01, 0.05) -37.4924006688
885 (1.0, 1.1, -10.0, -15.0, -20.0, 0.01, 0.0) -37.4923442902
886 (1.0, 1.1, -10.0, -15.0, -20.0, 0.1, 0.05) -37.4925026272
887 (1.0, 1.1, -10.0, -15.0, -20.0, 0.1, 0.0) -37.492446372
888 (1.0, 1.1, -10.0, -15.0, -20.0, 0.05, 0.0) -37.4923894467
889 (1.0, 1.1, -10.0, -15.0, 0.01, 0.1, 0.05) -37.4612746587
890 (1.0, 1.1, -10.0, -15.0, 0.01, 0.1, 0.0) -37.4612442466
891 (1.0, 1.1, -10.0, -15.0, 0.01, 0.05, 0.0) -37.4612131572
892 (1.0, 1.1, -10.0, -15.0, 0.1, 0.05, 0.0) -37.4612686304
893 (1.0, 1.1, -10.0, -20.0, 0.01, 0.1, 0.05) -37.4792123148
894 (1.0, 1.1, -10.0, -20.0, 0.01, 0.1, 0.0) -37.4791756332
895 (1.0, 1.1, -10.0, -20.0, 0.01, 0.05, 0.0) -37.47913828
896 (1.0, 1.1, -10.0, -20.0, 0.1, 0.05, 0.0) -37.4792050322
897 (1.0, 1.1, -10.0, 0.01, 0.1, 0.05, 0.0) -37.4397452805
898 (1.0, 1.1, -15.0, -20.0, 0.01, 0.1, 0.05) -37.4903397211
899 (1.0, 1.1, -15.0, -20.0, 0.01, 0.1, 0.0) -37.4902966906
900 (1.0, 1.1, -15.0, -20.0, 0.01, 0.05, 0.0) -37.4902529914
901 (1.0, 1.1, -15.0, -20.0, 0.1, 0.05, 0.0) -37.4903311685
902 (1.0, 1.1, -15.0, 0.01, 0.1, 0.05, 0.0) -37.4537480234
903 (1.0, 1.1, -20.0, 0.01, 0.1, 0.05, 0.0) -37.4730635985
904 (1.0, 1.2, -10.0, -15.0, -20.0, 0.01, 0.1) -37.4925970638
905 (1.0, 1.2, -10.0, -15.0, -20.0, 0.01, 0.05) -37.4925402902
906 (1.0, 1.2, -10.0, -15.0, -20.0, 0.01, 0.0) -37.4924840496
907 (1.0, 1.2, -10.0, -15.0, -20.0, 0.1, 0.05) -37.4926420002
908 (1.0, 1.2, -10.0, -15.0, -20.0, 0.1, 0.0) -37.492585883
909 (1.0, 1.2, -10.0, -15.0, -20.0, 0.05, 0.0) -37.4925290957
910 (1.0, 1.2, -10.0, -15.0, 0.01, 0.1, 0.05) -37.4613627376
911 (1.0, 1.2, -10.0, -15.0, 0.01, 0.1, 0.0) -37.4613324602
912 (1.0, 1.2, -10.0, -15.0, 0.01, 0.05, 0.0) -37.4613015055
913 (1.0, 1.2, -10.0, -15.0, 0.1, 0.05, 0.0) -37.4613567363
914 (1.0, 1.2, -10.0, -20.0, 0.01, 0.1, 0.05) -37.4793126902
915 (1.0, 1.2, -10.0, -20.0, 0.01, 0.1, 0.0) -37.4792761429
916 (1.0, 1.2, -10.0, -20.0, 0.01, 0.05, 0.0) -37.4792389241
917 (1.0, 1.2, -10.0, -20.0, 0.1, 0.05, 0.0) -37.4793054345
918 (1.0, 1.2, -10.0, 0.01, 0.1, 0.05, 0.0) -37.4397942259
919 (1.0, 1.2, -15.0, -20.0, 0.01, 0.1, 0.05) -37.490452655
920 (1.0, 1.2, -15.0, -20.0, 0.01, 0.1, 0.0) -37.4904097592
921 (1.0, 1.2, -15.0, -20.0, 0.01, 0.05, 0.0) -37.4903661948
922 (1.0, 1.2, -15.0, -20.0, 0.1, 0.05, 0.0) -37.4904441293
923 (1.0, 1.2, -15.0, 0.01, 0.1, 0.05, 0.0) -37.4538098431
924 (1.0, 1.2, -20.0, 0.01, 0.1, 0.05, 0.0) -37.4731378913
925 (1.0, -10.0, -15.0, -20.0, 0.01, 0.1, 0.05) -37.4911215901
926 (1.0, -10.0, -15.0, -20.0, 0.01, 0.1, 0.0) -37.4910638329
927 (1.0, -10.0, -15.0, -20.0, 0.01, 0.05, 0.0) -37.4910054048
928 (1.0, -10.0, -15.0, -20.0, 0.1, 0.05, 0.0) -37.4911100924
929 (1.0, -10.0, -15.0, 0.01, 0.1, 0.05, 0.0) -37.4604490725
930 (1.0, -10.0, -20.0, 0.01, 0.1, 0.05, 0.0) -37.4782500884
931 (1.0, -15.0, -20.0, 0.01, 0.1, 0.05, 0.0) -37.4892384812
932 (1.1, 1.2, -10.0, -15.0, -20.0, 0.01, 0.1) -37.4927338633
933 (1.1, 1.2, -10.0, -15.0, -20.0, 0.01, 0.05) -37.4926772276
934 (1.1, 1.2, -10.0, -15.0, -20.0, 0.01, 0.0) -37.4926211249
935 (1.1, 1.2, -10.0, -15.0, -20.0, 0.1, 0.05) -37.4927786894
936 (1.1, 1.2, -10.0, -15.0, -20.0, 0.1, 0.0) -37.4927227101
937 (1.1, 1.2, -10.0, -15.0, -20.0, 0.05, 0.0) -37.4926660607
938 (1.1, 1.2, -10.0, -15.0, 0.01, 0.1, 0.05) -37.4614481054
939 (1.1, 1.2, -10.0, -15.0, 0.01, 0.1, 0.0) -37.4614179625
940 (1.1, 1.2, -10.0, -15.0, 0.01, 0.05, 0.0) -37.4613871426
941 (1.1, 1.2, -10.0, -15.0, 0.1, 0.05, 0.0) -37.461442131
942 (1.1, 1.2, -10.0, -20.0, 0.01, 0.1, 0.05) -37.4794103768
943 (1.1, 1.2, -10.0, -20.0, 0.01, 0.1, 0.0) -37.4793739637
944 (1.1, 1.2, -10.0, -20.0, 0.01, 0.05, 0.0) -37.4793368791
945 (1.1, 1.2, -10.0, -20.0, 0.1, 0.05, 0.0) -37.4794031479
946 (1.1, 1.2, -10.0, 0.01, 0.1, 0.05, 0.0) -37.4398404344
947 (1.1, 1.2, -15.0, -20.0, 0.01, 0.1, 0.05) -37.4905629114
948 (1.1, 1.2, -15.0, -20.0, 0.01, 0.1, 0.0) -37.4905201503
949 (1.1, 1.2, -15.0, -20.0, 0.01, 0.05, 0.0) -37.4904767205
950 (1.1, 1.2, -15.0, -20.0, 0.1, 0.05, 0.0) -37.4905544126
951 (1.1, 1.2, -15.0, 0.01, 0.1, 0.05, 0.0) -37.4538689456
952 (1.1, 1.2, -20.0, 0.01, 0.1, 0.05, 0.0) -37.4732094926
953 (1.1, -10.0, -15.0, -20.0, 0.01, 0.1, 0.05) -37.4912615794
954 (1.1, -10.0, -15.0, -20.0, 0.01, 0.1, 0.0) -37.4912039606
955 (1.1, -10.0, -15.0, -20.0, 0.01, 0.05, 0.0) -37.491145671
956 (1.1, -10.0, -15.0, -20.0, 0.1, 0.05, 0.0) -37.4912501093
957 (1.1, -10.0, -15.0, 0.01, 0.1, 0.05, 0.0) -37.4605376835
958 (1.1, -10.0, -20.0, 0.01, 0.1, 0.05, 0.0) -37.4783510103
959 (1.1, -15.0, -20.0, 0.01, 0.1, 0.05, 0.0) -37.4893519841
960 (1.2, -10.0, -15.0, -20.0, 0.01, 0.1, 0.05) -37.4914036976
961 (1.2, -10.0, -15.0, -20.0, 0.01, 0.1, 0.0) -37.4913462173
962 (1.2, -10.0, -15.0, -20.0, 0.01, 0.05, 0.0) -37.4912880663
963 (1.2, -10.0, -15.0, -20.0, 0.1, 0.05, 0.0) -37.4913922552
964 (1.2, -10.0, -15.0, 0.01, 0.1, 0.05, 0.0) -37.4606284648
965 (1.2, -10.0, -20.0, 0.01, 0.1, 0.05, 0.0) -37.4784540817
966 (1.2, -15.0, -20.0, 0.01, 0.1, 0.05, 0.0) -37.4894676233
967 (-10.0, -15.0, -20.0, 0.01, 0.1, 0.05, 0.0) -37.4898388886
968 (1.0, 1.1, 1.2, -10.0, -15.0, -20.0, 0.01, 0.1) -42.6555102627
969 (1.0, 1.1, 1.2, -10.0, -15.0, -20.0, 0.01, 0.05) -42.6554537002
970 (1.0, 1.1, 1.2, -10.0, -15.0, -20.0, 0.01, 0.0) -42.6553977549
971 (1.0, 1.1, 1.2, -10.0, -15.0, -20.0, 0.1, 0.05) -42.6555549665
972 (1.0, 1.1, 1.2, -10.0, -15.0, -20.0, 0.1, 0.0) -42.6554991485
973 (1.0, 1.1, 1.2, -10.0, -15.0, -20.0, 0.05, 0.0) -42.6554425719
974 (1.0, 1.1, 1.2, -10.0, -15.0, 0.01, 0.1, 0.05) -42.6167945112
975 (1.0, 1.1, 1.2, -10.0, -15.0, 0.01, 0.1, 0.0) -42.6167644547
976 (1.0, 1.1, 1.2, -10.0, -15.0, 0.01, 0.05, 0.0) -42.6167336188
977 (1.0, 1.1, 1.2, -10.0, -15.0, 0.1, 0.05, 0.0) -42.6167885623
978 (1.0, 1.1, 1.2, -10.0, -20.0, 0.01, 0.1, 0.05) -42.6381191755
979 (1.0, 1.1, 1.2, -10.0, -20.0, 0.01, 0.1, 0.0) -42.638082956
980 (1.0, 1.1, 1.2, -10.0, -20.0, 0.01, 0.05, 0.0) -42.6380459705
981 (1.0, 1.1, 1.2, -10.0, -20.0, 0.1, 0.05, 0.0) -42.6381119929
982 (1.0, 1.1, 1.2, -10.0, 0.01, 0.1, 0.05, 0.0) -42.5903892748
983 (1.0, 1.1, 1.2, -15.0, -20.0, 0.01, 0.1, 0.05) -42.6515460829
984 (1.0, 1.1, 1.2, -15.0, -20.0, 0.01, 0.1, 0.0) -42.6515036032
985 (1.0, 1.1, 1.2, -15.0, -20.0, 0.01, 0.05, 0.0) -42.6514603651
986 (1.0, 1.1, 1.2, -15.0, -20.0, 0.1, 0.05, 0.0) -42.6515376476
987 (1.0, 1.1, 1.2, -15.0, 0.01, 0.1, 0.05, 0.0) -42.6071277434
988 (1.0, 1.1, 1.2, -20.0, 0.01, 0.1, 0.05, 0.0) -42.6299756883
989 (1.0, 1.1, -10.0, -15.0, -20.0, 0.01, 0.1, 0.05) -42.6540170946
990 (1.0, 1.1, -10.0, -15.0, -20.0, 0.01, 0.1, 0.0) -42.6539595783
991 (1.0, 1.1, -10.0, -15.0, -20.0, 0.01, 0.05, 0.0) -42.653901302
992 (1.0, 1.1, -10.0, -15.0, -20.0, 0.1, 0.05, 0.0) -42.6540056521
993 (1.0, 1.1, -10.0, -15.0, 0.01, 0.1, 0.05, 0.0) -42.6158578782
994 (1.0, 1.1, -10.0, -20.0, 0.01, 0.1, 0.05, 0.0) -42.6370382999
995 (1.0, 1.1, -15.0, -20.0, 0.01, 0.1, 0.05, 0.0) -42.6503170249
996 (1.0, 1.2, -10.0, -15.0, -20.0, 0.01, 0.1, 0.05) -42.654162911
997 (1.0, 1.2, -10.0, -15.0, -20.0, 0.01, 0.1, 0.0) -42.6541055387
998 (1.0, 1.2, -10.0, -15.0, -20.0, 0.01, 0.05, 0.0) -42.6540474064
999 (1.0, 1.2, -10.0, -15.0, -20.0, 0.1, 0.05, 0.0) -42.6541514974
1000 (1.0, 1.2, -10.0, -15.0, 0.01, 0.1, 0.05, 0.0) -42.6159531046
1001 (1.0, 1.2, -10.0, -20.0, 0.01, 0.1, 0.05, 0.0) -42.6371452556
1002 (1.0, 1.2, -15.0, -20.0, 0.01, 0.1, 0.05, 0.0) -42.6504361665
1003 (1.0, -10.0, -15.0, -20.0, 0.01, 0.1, 0.05, 0.0) -42.6525759372
1004 (1.1, 1.2, -10.0, -15.0, -20.0, 0.01, 0.1, 0.05) -42.6543056807
1005 (1.1, 1.2, -10.0, -15.0, -20.0, 0.01, 0.1, 0.0) -42.6542484521
1006 (1.1, 1.2, -10.0, -15.0, -20.0, 0.01, 0.05, 0.0) -42.6541904636
1007 (1.1, 1.2, -10.0, -15.0, -20.0, 0.1, 0.05, 0.0) -42.6542942958
1008 (1.1, 1.2, -10.0, -15.0, 0.01, 0.1, 0.05, 0.0) -42.6160452059
1009 (1.1, 1.2, -10.0, -20.0, 0.01, 0.1, 0.05, 0.0) -42.6372491388
1010 (1.1, 1.2, -15.0, -20.0, 0.01, 0.1, 0.05, 0.0) -42.6505522649
1011 (1.1, -10.0, -15.0, -20.0, 0.01, 0.1, 0.05, 0.0) -42.6527221906
1012 (1.2, -10.0, -15.0, -20.0, 0.01, 0.1, 0.05, 0.0) -42.6528709098
1013 (1.0, 1.1, 1.2, -10.0, -15.0, -20.0, 0.01, 0.1, 0.05) -47.7675772821
1014 (1.0, 1.1, 1.2, -10.0, -15.0, -20.0, 0.01, 0.1, 0.0) -47.7675112962
1015 (1.0, 1.1, 1.2, -10.0, -15.0, -20.0, 0.01, 0.05, 0.0) -47.7674443496
1016 (1.0, 1.1, 1.2, -10.0, -15.0, -20.0, 0.1, 0.05, 0.0) -47.7675641618
1017 (1.0, 1.1, 1.2, -10.0, -15.0, 0.01, 0.1, 0.05, 0.0) -47.7161354633
1018 (1.0, 1.1, 1.2, -10.0, -20.0, 0.01, 0.1, 0.05, 0.0) -47.7440081246
1019 (1.0, 1.1, 1.2, -15.0, -20.0, 0.01, 0.1, 0.05, 0.0) -47.7615664454
1020 (1.0, 1.1, -10.0, -15.0, -20.0, 0.01, 0.1, 0.05, 0.0) -47.7657279566
1021 (1.0, 1.2, -10.0, -15.0, -20.0, 0.01, 0.1, 0.05, 0.0) -47.7659032827
1022 (1.1, 1.2, -10.0, -15.0, -20.0, 0.01, 0.1, 0.05, 0.0) -47.7660747443
1023 (1.0, 1.1, 1.2, -10.0, -15.0, -20.0, 0.01, 0.1, 0.05, 0.0) -52.7871863598
